Ванная комната,"Зеркало ""Классика""",https://drevodesign.ru/upload/resize_cache/iblock/8b4/244_244_0/fgk7jpkifx8e09wn2fa4rajrk1t11i6l.png,0729,https://drevodesign.ru/product/vannaya-komnata/zerkalo-klassika/,14 500 руб.,Стильное зеркало в раме из карагача под любой интерьер.,Да
Ванная комната,Столешница под раковину,https://drevodesign.ru/upload/resize_cache/iblock/406/244_244_0/ltnxopabtlgv9ah1pzqqnp34dop663be.png,0902,https://drevodesign.ru/product/vannaya-komnata/stoleshnitsa-pod-rakovinu/,40 000 руб.,Столешница в ванную из карагача с заливкой эпоксидной смолой янтарного цвета. Толщина столешницы 60 мм.,Да
Ванная комната,Столешница из карагача,https://drevodesign.ru/upload/resize_cache/iblock/69a/244_244_0/zc11p145uejtb918d4hqup7dsd4wt15l.png,0901,https://drevodesign.ru/product/vannaya-komnata/stoleshnitsa-iz-karagacha/,22 000 руб.,Цельная столешница из слэба карагача в ванную комнату под раковину или в качестве полочки. Толщина изделия 65 мм.,Да
Столы/Письменные столы,Письменный стол из массива карагача,https://drevodesign.ru/upload/resize_cache/iblock/77d/244_244_0/hs4g84zurzpgji6u40x6lezzwu6zadll.png,0823,https://drevodesign.ru/product/stoly/pismennye-stoly/pismennyy-stol-iz-massiva-karagacha1/,75 000 руб.,Дизайнерский письменный стол из массива карагача с заливкой эпоксидной смолы. Деревянная ножка с переходящим рисунком древесины. Отличное решение для вашего кабинета.,Да
Столы/Письменные столы,Письменный стол из массива,https://drevodesign.ru/upload/resize_cache/iblock/520/244_244_0/8trli1th22yupz12rbh77s6zjrxfv7n1.png,0825,https://drevodesign.ru/product/stoly/pismennye-stoly/pismennyy-stol-iz-massiva/,78 000 руб.,"Письменный стол выполнен из массива горного вяза. Темные заливки эпоксидной смолой на фоне светлой древесины придают изделию неповторимую оригинальность, от которой вы получите настоящее наслаждение. Возможно изготовление по индивидуальным размерам. Тонировка древесины, как и цвет смолы, могут быть различными.",Да
Кабинет,Авторский письменный стол из ореха,https://drevodesign.ru/upload/resize_cache/iblock/fd4/244_244_0/azusjllps52wf5t5x07dvy6yk3ihi3nv.png,0816,https://drevodesign.ru/product/kabinet/avtorskiy-pismennyy-stol-iz-orekha/,93 000 руб.,"Авторский письменный стол с выдвижным ящиком на магнитном механизме. Стол красив и эстетичен, подойдет для тех, кто уважает своё рабочее пространство. За таким столом приятно сидеть и удобно работать, он впишется в современный интерьер и будет не только мебелью, но и практичным инструментом.",Да
Столы/Письменные столы,Письменный стол из массива горного вяза,https://drevodesign.ru/upload/resize_cache/iblock/7b8/244_244_0/9hhl8x77gg8lj9zchpvk53300nk0k8bf.png,0827,https://drevodesign.ru/product/stoly/pismennye-stoly/pismennyy-stol-iz-massiva-gornogo-vyaza/,52 000 руб.,"При изготовлении стола использовался цельный слэб карагача. Все трещины и природные неровности пролиты прозрачной эпоксидной смолой, поверхность столешницы идеально отшлифована и отполирована.",Да
Столы/Письменные столы,"Письменный стол ""Bean""",https://drevodesign.ru/upload/resize_cache/iblock/3e9/244_244_0/zo5pskx2b98y6nfhf26wx5fkmxpixhxi.png,0829,https://drevodesign.ru/product/stoly/pismennye-stoly/pismennyy-stol-bean/,70 000 руб.,"Современный, легкий и эстетичный письменный стол от наших мастеров ""Bean"". Столешница данного изделия выполнена из массива горного вяза/карагача, идеально отшлифована и отполирована. Все трещинки и природные неровности пролиты эпоксидной смолой для создания идеально гладкой поверхности. Финишное покрытие исполнено водным лаком для жесткости покрытия. Тонировка производилась экологически чистыми немецкими маслами. Толщина столешницы составляет около 40 мм. Опора металлическая, высота готового изделия составляет 765 мм.",Да
Столы/Письменные столы,"Письменный стол ""Black Bean""",https://drevodesign.ru/upload/resize_cache/iblock/eb7/244_244_0/p7226ez08ar9w2697klw0fvbru1cwsqu.png,0830,https://drevodesign.ru/product/stoly/pismennye-stoly/pismennyy-stol-black-bean/,70 000 руб.,"Еще одна эксклюзивная работа от наших мастеров, письменный стол ""Black Bean"". Столешница выполнена из массива черного дерева (американский орех), все природные неровности на поверхности столешницы пролиты эпоксидной смолой для создания идеально гладкой плоскости. Перед тем как нанести финишный слой водного лака для прочности покрытия, столешница прошла несколько стадий ручной шлифовки. Времяпрепровождение за таким объектом сделает работу в радость! Толщина столешницы составляет около 40 мм. Опора металлическая. Высота готового изделия 765 мм.",Да
Столы/Письменные столы,"Письменный стол ""Simple""",https://drevodesign.ru/upload/resize_cache/iblock/aec/244_244_0/y5q3qfuxwp17120t0glwr93q2r1vfkxc.png,0833,https://drevodesign.ru/product/stoly/pismennye-stoly/pismennyy-stol-simple/,63 000 руб.,"Казалось бы, все просто, всего на всего деревянная доска, но как она роскошно смотрится в законченном виде. Красота в простоте! За основу изделия взят слэб массива карагача, который прошел несколько этапов фрезеровки, ручной шлифовки и полировки. Все природные неровности и сучки пролиты эпоксидной смолой для получения идеально ровной поверхности, которая готова дарить вам теплые эмоции при прикосновениях и делать ваш рабочий процесс более приятным. Основание сделано из металла и окрашено в черный цвет. Возможно изготовление под заказ по всем индивидуальным пожеланиям.",Да
Кабинет,Письменный стол эксклюзивной серии,https://drevodesign.ru/upload/resize_cache/iblock/f86/244_244_0/8cn4066ttmh8rgh2nta2nlr3u24se1ei.png,0822,https://drevodesign.ru/product/kabinet/pismennyy-stol-eksklyuzivnoy-serii/,145 000 руб.,"Стол из слэба карагача в обрамлении черной эпоксидной смолой в минималистическом стиле будет настоящей изюминкой вашего кабинета. С двумя ящиками, система открывания Tip-on. Высота стола 75 см. Толщина столешницы 40 мм.",Да
Столы/Письменные столы,Письменный стол из массива карагача,https://drevodesign.ru/upload/resize_cache/iblock/b9e/244_244_0/9zg9hanw5i8jg4l2pjqkjy4b0wc6p593.png,0835,https://drevodesign.ru/product/stoly/pismennye-stoly/pismennyy-stol-iz-massiva-karagacha/,105 000 руб.,"Очередной великолепный и стильный письменный стол от нашей команды мастеров. Изделие полностью изготовленно из массива карагача (горный вяз). За основу мы взяли две заготовки которые прекрасно сочетаются друг с другом и обладают очень красивым древесным рисунком. Стол оборудован двумя выдвижными ящиками для удобства работы, фасады которых украшены вырезанным рисунком. Каждая деталь прошла несколько стадий ручной шлифовки, финишное покрытие выполнено полиуретановым лаком. Толщина столешницы составляет 35 мм. Возможно изготовление под заказ с соблюдением всех ваших пожеланий.",Да
Столы/Письменные столы,"Письменный стол ""Smoke""",https://drevodesign.ru/upload/resize_cache/iblock/30c/244_244_0/j4h4ln3gxy8qm6cf4um8k5qbxyoygafm.png,0836,https://drevodesign.ru/product/stoly/pismennye-stoly/pismennyy-stol-smoke/,120 000 руб.,"Вашему вниманию представлена еще одна эксклюзивная модель письменного стола от нашей команды мастеров, великолепный стол ""Smoke"". За основу изделия мы взяли заготовку карагача, как следует поработали с ней и в конце получили восхитительное изделие. Края столешницы, а так же все трещинки и сучки данной заготовки мы пролили эпоксидной смолой, чтобы поверхность идеально ровной, и притягивала взгляды снова и снова. Финишное покрытие сделано полиуретановым лаком и прошло несколько стадий ручной полировки. Выдвижные ящики оборудованы фурнитурой высокого качества, открывание нажатием. Высота изделия составляет 75 см. Возможно изготовление под заказ по индивидуальным размерам.",Да
Стулья,Суперстул,https://drevodesign.ru/upload/resize_cache/iblock/c64/244_244_0/ihg4k2fdbc1330d6k5dm1u0xu9hdqnbe.jpg,0000,https://drevodesign.ru/product/stulya/superstul/,1 руб.,Всегда можно выбрать стул попроще,Да
Стулья,Дизайнерский стул,https://drevodesign.ru/upload/resize_cache/iblock/ba4/244_244_0/69zwjq6cfeg2to7dtapi0myya0gl018c.png,0302,https://drevodesign.ru/product/stulya/dizaynerskiy-stul/,20 000 руб.,Оригинальный по своему дизайну стул из натурального дерева. Обладает надежной устойчивостью при нестандартной конструкции.,Да
Стулья,Комплект кресел из массива в зону отдыха,https://drevodesign.ru/upload/resize_cache/iblock/5a2/244_244_0/823036wcz6yy3pdc06628ll9659el2iw.png,0306,https://drevodesign.ru/product/stulya/komplekt-kresel-iz-massiva-v-zonu-otdykha/,По запросу,"Данные комплект кресел можно назвать настоящим декоративным, эксклюзивным элементом вашей зоны отдыха. Изделия выполнены из массива карагача, ножки металлические. Конструктив изделия исполнен путем соединения между собой большого количества пятиугольных деталей, весь материал отбирался и обрабатывался вручную, далее была кропотливая работа по сборке, но результат оказался просто роскошным. В комплект к креслам идет мягкая накладка для осуществления более комфортной посадки, а так же журнальный столик с эпоксидной смолой в подобном стиле, его диаметр 60 см, основание изготовлено из металла. Возможны различные цветовые исполнения. Стоимость одного кресла 55 000 руб, стоимость столика 28 000 руб.",Да
Стулья,"Стул из массива карагача ""Retro""",https://drevodesign.ru/upload/resize_cache/iblock/4ee/244_244_0/7az0qqmv5ym49fbtig5mbl6062rr2fx8.png,0308,https://drevodesign.ru/product/stulya/stul-iz-massiva-karagacha-retro/,29 000 руб.,"Еще одна разработка наших мастеров, стул из массива карагача ""Retro"". Все элементы изделия обладает мягкими, изогнутыми линиями, которые придают стулу очень гармоничный вид. Каждая деталь вскрыта экологически-чистым маслом немецкого производителя и идеально отшлифована, очень приятна на ощупь. Изделие возможно затонировать в различные оттенки. Полные габариты изделия следующие: высота по спинке 825 мм., высота гнутой спинки 150 мм., ширина спинки 415 мм., ширина сиденья 360-400 мм., глубина сиденья 400 мм., высота сиденья 450 мм впереди 425 мм сзади.",Да
Стулья,"Стул из массива ""Grace""",https://drevodesign.ru/upload/resize_cache/iblock/432/244_244_0/svlv16664s9dsko5e452pi89a9n5n3s3.png,0307,https://drevodesign.ru/product/stulya/stul-iz-massiva-grace/,От 25 000 руб.,"Необычайно красивый и гармоничный стул из массива от нашей команды мастеров. Данная модель отличается невероятным удобством посадки и мягкими линиями. Времяпреровождение сидя на данном стуле придаст море приятных ощущений, проводите время за трапезой или общением с комфортом!  Мягкая часть изделия может быть выполнена из различных видов ткани и цветовой гамме. Древесина так же может быть в различных цветовых оттенках. Высота сидения составляет 44 см, высота по спинке 73 см.",Да
Зеркала и предметы декора,Зеркало в светлых оттенках,https://drevodesign.ru/upload/resize_cache/iblock/368/244_244_0/koobzmua5j91u7wybfzio5unc6yh7ja7.png,0756,https://drevodesign.ru/product/zerkala-i-predmety-dekora/zerkalo-v-svetlykh-ottenkakh/,19 000 руб.,Зеркало в раме из карагача с переходящим цветом дерева.,Да
Ванная комната,"Зеркало ""Классика""",https://drevodesign.ru/upload/resize_cache/iblock/8b4/244_244_0/fgk7jpkifx8e09wn2fa4rajrk1t11i6l.png,0729,https://drevodesign.ru/product/vannaya-komnata/zerkalo-klassika/,14 500 руб.,Стильное зеркало в раме из карагача под любой интерьер.,Да
Зеркала и предметы декора,Зеркало в раме из карагача,https://drevodesign.ru/upload/resize_cache/iblock/d1d/244_244_0/qlq3e0fxmyb38i5v0l81kl4x30qobjqy.png,0746,https://drevodesign.ru/product/zerkala-i-predmety-dekora/zerkalo-v-rame-iz-karagacha1/,20 000 руб.,"Красивое большое зеркало в раме из слэбов карагача. Возможно использовать зеркало горизонтально или вертикально любой стороной, петли с обратной стороны на всех 4 углах.",Да
Зеркала и предметы декора,Зеркало в раме из карагача,https://drevodesign.ru/upload/resize_cache/iblock/e81/244_244_0/jy96mcj95ff611tpikja079n8l2htc9y.png,0747,https://drevodesign.ru/product/zerkala-i-predmety-dekora/zerkalo-v-rame-iz-karagacha/,19 000 руб.,"Красивое зеркало в раме из каповых слэбов карагача. Возможно использовать зеркало горизонтально или вертикально любой стороной, петли с обратной стороны на всех 4 углах.",Да
Зеркала и предметы декора,Зеркало в раме из массива карагача,https://drevodesign.ru/upload/resize_cache/iblock/391/244_244_0/wwhvuib4k6cs2nkfknrfe7xxd0gowfce.png,0742,https://drevodesign.ru/product/zerkala-i-predmety-dekora/zerkalo-v-rame-iz-massiva-karagacha/,30 000 руб.,Большое круглое зеркало в раме из массива карагача. Ширина рамы 77 мм. Вставка из эпоксидной смолы.,Да
Зеркала и предметы декора,Часы с эпоксидной смолой,https://drevodesign.ru/upload/resize_cache/iblock/7a2/244_244_0/wjk84hksdu1gvrgv3f1erndvzl1mm606.png,0760,https://drevodesign.ru/product/zerkala-i-predmety-dekora/chasy-s-epoksidnoy-smoloy/,4 200 руб.,Декоративные часы из массива карагача с эпоксидной смолой. Изделие оснащено часовым механизмом плавного хода. Возможно изготовление под заказ в различной цветовой гамме.,Да
Зеркала и предметы декора,"Часы ""Галактика""",https://drevodesign.ru/upload/resize_cache/iblock/861/244_244_0/9724wriy91w1p77nuwtphedb3at1svxd.jpeg,0766,https://drevodesign.ru/product/zerkala-i-predmety-dekora/chasy-galaktika/,4 200 руб.,Часы изготовлены из МДФ в сочетании с черной глянцевой покраской. Диаметр изделия 45 см.,Да
Зеркала и предметы декора,Панно из массива тополя с эпоксидной смолой,https://drevodesign.ru/upload/resize_cache/iblock/aac/244_244_0/xrzcxuugh2ywwgtik6ihpz7ynag5ux40.jpg,0765,https://drevodesign.ru/product/zerkala-i-predmety-dekora/panno-iz-massiva-topolya-s-epoksidnoy-smoloy/,13 000 руб.,"Декоративное настенное пано выполнено из массива капового тополя в сочетании с эпоксидной смолой синего цвета. Рамка изделия изготовлена из термодревесины. Пано украсит собой вашу зону отдыха, а уникальные древесные линии изделия дадут ощущение сближения с природой. Возможно изготовление под заказ по индивидуальным размерам, цвет эпоксидной смолы может быть различным.",Да
Зеркала и предметы декора,Часы из массива в металлической рамке,https://drevodesign.ru/upload/resize_cache/iblock/ef5/244_244_0/xh9jlg1vel8vlkq020kjmm83wn823ryz.png,0769,https://drevodesign.ru/product/zerkala-i-predmety-dekora/chasy-iz-massiva-v-metallicheskoy-ramke/,5 500 - 6 500 руб.,"Оригинальная модель настенных часов из может быть выполнена из заготовки массива горного вяза либо ореха. По периметру часов, по мимо круглой рамки, из металлического профиля может быть легкий круг из металлической полосы. Наличие моделей уточняйте у наших менеджеров. Возможно изготовление под заказ по вашим индивидуальным пожеланиям.",Да
Зеркала и предметы декора,Часы из массива в сочетании с эпоксидной смолой,https://drevodesign.ru/upload/resize_cache/iblock/4d6/244_244_0/kxbe7ijmwikifgt2vpsoj3ddoajzo0gm.png,0768,https://drevodesign.ru/product/zerkala-i-predmety-dekora/chasy-iz-massiva-v-sochetanii-s-epoksidnoy-smoloy/,9 500 руб.,Данное изделие выполнено из эксклюзивной заготовки капового тополя в сочетании с эпоксидной смолой янтарного оттенка. Часы оснащены механизмом плавного хода.,Да
Зеркала и предметы декора,Авторские часы из массива тополя с эпоксидной смолой,https://drevodesign.ru/upload/resize_cache/iblock/4a6/244_244_0/kcp3mvlq9qjfzi9btocey3a3mxa97kpi.png,0767,https://drevodesign.ru/product/zerkala-i-predmety-dekora/avtorskie-chasy-iz-massiva-topolya-s-epoksidnoy-smoloy/,10 900 руб.,"Изделие выполнено из заготовки капового тополя в сочетании с эпоксидной смолой. Возможно изготовление под заказ в различной цветовой гамме, форма так же может быть различной. Часовой механизм плавного хода.",Да
Зеркала и предметы декора,Эксклюзивные часы из массива в сочетании с эпоксидной смолой,https://drevodesign.ru/upload/resize_cache/iblock/f9d/244_244_0/qhjxu221mnsm5fuqftasdljsnqkwcq3f.png,0771,https://drevodesign.ru/product/zerkala-i-predmety-dekora/eksklyuzivnye-chasy-iz-massiva-v-sochetanii-s-epoksidnoy-smoloy/,6 000 руб.,Эксклюзивные модели настенных часов выполнены из массива горного вяза (карагач) в сочетании с эпоксидной смолой. Данное изделие придаст вашему пространству новых красок и станет настоящей изюменкой вашего пространства. Возможно изготовление под заказ в различной цветовой гамме. Наличие моделей уточняйте у наших менеджеров.,Да
Зеркала и предметы декора,Авторские часы из массива на ваш выбор,https://drevodesign.ru/upload/resize_cache/iblock/d68/244_244_0/3kkab03agwrow8htwuyh5y5hilcc8n3q.png,0770,https://drevodesign.ru/product/zerkala-i-predmety-dekora/avtorskie-chasy-iz-massiva-na-vash-vybor/,5 000 - 6 000 руб.,"Оригинальная модель настенных часов из заготовки массива Американского ореха (Черное дерево) обрамленной рамкой из мдф. Так же возможно изготовление с применением массива Горного вяза (карагач), по примеру модели исполненной в светлых тонах. Часы украсят собой выше пространство и будут притягивать к себе внимание снова и снова. Наличие моделей можете уточнить у наших менеджеров.",Да
Зеркала и предметы декора,Зеркало из массива горного вяза,https://drevodesign.ru/upload/resize_cache/iblock/3d5/244_244_0/g3oqp9ali5rm4iijntjcb5rxc1iaye7m.png,0773,https://drevodesign.ru/product/zerkala-i-predmety-dekora/zerkalo-iz-massiva-gornogo-vyaza/,42 000 руб.,"Оригинально зеркало в стиле ""Река"" из массива горного вяза/карагача. Габарит изделия составляет 210 х 100 см. Заготовки рамки идеально отшлифованы и отполированы. При тактильных прикосновениях дерево вам будет дарить тепло и только самые положительные эмоции. Возможно изготовление под заказ в различных цветовых оттенках и размерах.",Да
Зеркала и предметы декора,Комплект кресел из массива в зону отдыха,https://drevodesign.ru/upload/resize_cache/iblock/5a2/244_244_0/823036wcz6yy3pdc06628ll9659el2iw.png,0772,https://drevodesign.ru/product/zerkala-i-predmety-dekora/komplekt-kresel-iz-massiva-v-zonu-otdykha1/,По запросу,"Данные комплект кресел можно назвать настоящим декоративным, эксклюзивным элементом вашей зоны отдыха. Изделия выполнены из массива карагача, ножки металлические. Конструктив изделия исполнен путем соединения между собой большого количества пятиугольных деталей, весь материал отбирался и обрабатывался вручную, далее была кропотливая работа по сборке, но результат оказался просто роскошным. В комплект к креслам идет мягкая накладка для осуществления более комфортной посадки, а так же журнальный столик с эпоксидной смолой в подобном стиле, его диаметр 60 см, основание изготовлено из металла. Возможны различные цветовые исполнения. Стоимость одного кресла 69 000 руб, стоимость столика 32 000 руб.",Да
Спальня,Эксклюзивная кровать из тополя с декоративными элементами из смолы,https://drevodesign.ru/upload/resize_cache/iblock/bcb/244_244_0/midg4t7805okmgcdt3ep49x7i03orzxt.png,0510,https://drevodesign.ru/product/spalnya/eksklyuzivnaya-krovat-iz-topolya-s-dekorativnymi-elementami-iz-smoly/,По запросу,"Настоящий эксклюзив- кровать из тополя в эпоксидной смоле, янтарного цвета. Размер изголовья: ширина переменная от 82 до 67 см., длина 290 см. Изголовье возможно разместить на нужной высоте, подвешивается на стену.  Корпус кровати выполнен из массива тополя с элементами заливки смолой 180 х 200 см. В комплект возможно приобрести прикроватные тумбы, консоль с зеркалом и шкаф. В стоимость входит каркас кровати с ортопедическим основанием и изголовьем.",Нет
Спальня,Кровать из карагача,https://drevodesign.ru/upload/resize_cache/iblock/2ac/244_244_0/115krdmuqcem8fmiv8r9hqku9omr0yn0.jpg,0502,https://drevodesign.ru/product/spalnya/krovat-iz-karagacha/,От 110 000 руб.,"Кровать из карагача под заказ. Возможно изготовление основания кровати в 3-х размерах - 160х200 см; 180х200 см; 200х2000 см. Спинка (слэб) всегда уникален, длина варьируется от 160 до 300 см.",Нет
Спальня,Кровать с подвесными тумбами,https://drevodesign.ru/upload/resize_cache/iblock/bd8/244_244_0/lbu90j1hleo6lqqw0iqxwoy3ztn7fq20.jpg,0504,https://drevodesign.ru/product/spalnya/krovat-s-podvesnymi-tumbami/,От 160 000 руб.,"Кровать выполнена под заказ, тонирована в цвет ""Мербау"". Возможно изготовления под заказ аналогичной. Срок изготовления 30 рабочих дней.",Нет
Спальня,Кровать со слэбом из тополя,https://drevodesign.ru/upload/resize_cache/iblock/9ee/244_244_0/1gk8q8fdu3e12whabwhcqwa4wh1jbxas.jpg,0506,https://drevodesign.ru/product/spalnya/krovat-so-slebom-iz-topolya/,По запросу,"Эксклюзивная кровать из тополя с оригинальным изголовьем из слэба. Яркие заливки эпоксидной смолой, как завершающий штрих в вашем интерьере.",Нет
Спальня,"Кровать ""Модерн""",https://drevodesign.ru/upload/resize_cache/iblock/326/244_244_0/8sbieb0p34teg5ve3s3sfdz05qbv98o1.jpg,0507,https://drevodesign.ru/product/spalnya/krovat-modern/,По запросу,"Кровать под заказ из карагача в тонировке ""тик"". Интересное дизайнерское решение состыковки деталей. Под заказ в любом размере и цвете.",Нет
Спальня,Авторская кровать с уникальным изголовьем,https://drevodesign.ru/upload/resize_cache/iblock/b69/244_244_0/m1msbiifoqb622zgr3lfeni4ft7gedmh.jpg,0508,https://drevodesign.ru/product/spalnya/avtorskaya-krovat-s-unikalnym-izgolovem/,От 170 000 руб.,Любой размер кровати под заказ. Индивидуальный подбор изголовья кровати по вашему дизайну и размеру.,Нет
Спальня,Кровать с изголовьем из слэба карагача,https://drevodesign.ru/upload/resize_cache/iblock/2ef/244_244_0/4dmaqt6nwld7p860bqalzgytw7690rmo.png,0509,https://drevodesign.ru/product/spalnya/krovat-s-izgolovem-iz-sleba-karagacha/,От 85 000 руб.,"Стильная кровать с изголовьем из слэба карагача. Все трещинки и сучки на слэбе залиты прозрачной эпоксидной смолой. Размер изголовья: ширина переменная от 62 см. до 86 см., максимальная длина слэба 197 см. Размер основания кровати: 160 х 200 см. Каркас полностью выполнен из массива карагача. Ортопедическое основание. Слэб оснащен подсветкой холодного свечения. В комплект возможно приобрести комод и прикроватные тумбы, тонированные в единый цвет с кроватью.",Нет
Столовая,"Большой стол из карагача ""Река""",https://drevodesign.ru/upload/resize_cache/iblock/60d/244_244_0/nzu4kebchd54rdh40rjtia3biwearec0.png,0288,https://drevodesign.ru/product/stolovaya/bolshoy-stol-iz-karagacha-reka/,102 000 руб.,"Новое изделие - обеденный стол ""река"" из карагача с синей рекой, станет отличным дополнением к интерьеру загородного дома или квартиры.",Да
Столовая,Уникальный обеденный стол из тополя,https://drevodesign.ru/upload/resize_cache/iblock/5e6/244_244_0/n3fampgsjkhpfk9a9h53qcts4g1536wa.png,0207,https://drevodesign.ru/product/stolovaya/unikalnyy-obedennyy-stol-iz-topolya/,162 000 руб.,Новый уникальный авторский стол из слэбов тополя на металлическом подстолье. Эксклюзивная работа наших мастеров никого не оставит равнодушным. Стол в единственном экземпляре. Финишное покрытие стола выполнено лаком. Возможно изготовление на заказ по индивидуальным размерам.,Да
Столовая,Обеденный стол из ивы,https://drevodesign.ru/upload/resize_cache/iblock/93d/244_244_0/4dyzzyu5eg6lyiexsydnjovhe2xjtfco.png,0205,https://drevodesign.ru/product/stolovaya/obedennyy-stol-iz-ivy/,192 000 руб.,"Новый уникальный обеденный стол из ивы на металлическом подстолье. Стол имеет две полупрозрачные реки, с бирюзовым оттенком. Стол хорошо подойдет для больших обеденных помещений. Возможно изготовление на заказ по индивидуальным размерам.",Да
Столовая,"Обеденный стол из массива акации ""Red forest""",https://drevodesign.ru/upload/resize_cache/iblock/cb3/244_244_0/ql8ho3lt988zl001kbo1js0xgc6epjqy.png,0286,https://drevodesign.ru/product/stolovaya/obedennyy-stol-iz-massiva-akatsii-red-forest/,114 000 руб.,"Большой обеденный стол из массива розовой акации в сочетании с черной эпоксидной смолой с эффектом перламутра. Толщина столешницы составляет 40 мм. Финишное покрытие выполнено экологически чистым прозрачным маслом, идеально отшлифовано и отполировано. Авторское металлическое основание для данной модели изготовлено из металла и покрыто эмалью в цветовой гамме ""Графит"". Высота стола составляет 74 см.",Да
Столовая,"Обеденный стол ""French gray""",https://drevodesign.ru/upload/resize_cache/iblock/620/244_244_0/79qblvwv7zmr9ksdkp6cah0m0sv929ds.png,0234,https://drevodesign.ru/product/stolovaya/obedennyy-stol-french-gray/,126 000 руб.,"Уникальный обеденный стол в сочетании массива карагача и эпоксидной смолы светло-темного оттенка. Поверхность столешницы имеет идеально гладкое покрытие, очень приятное по тактильным ощущениям. Финишное покрытие выполнено полиуретановым лаком. Основание данной модели изготовлено из металла и окрашено в черный цвет",Да
Двери в стиле лофт,Дверь для шкафа-купе,https://drevodesign.ru/upload/resize_cache/iblock/08a/244_244_0/dou2mpqy7uk3eg5slh29jv3kknmfi043.png,1014,https://drevodesign.ru/product/dveri-v-stile-loft/dver-dlya-shkafa-kupe/,По запросу,Изготавливаем двери для шкафов-купе разных размеров и моделей под заказ.,Да
Двери в стиле лофт,Большая амбарная дверь из карагача,https://drevodesign.ru/upload/resize_cache/iblock/13e/244_244_0/d1ylad6lc8ahv12co7me1rm3ys86jh84.png,1013,https://drevodesign.ru/product/dveri-v-stile-loft/bolshaya-ambarnaya-dver-iz-karagacha/,По запросу,"Большая амбарная дверь из клеенного карагача с натуральным, природным краем.",Нет
Двери в стиле лофт,Двери лофт,https://drevodesign.ru/upload/resize_cache/iblock/f18/244_244_0/8aqwai7psh0u1s2tbsahnwvijh2vd725.png,1012,https://drevodesign.ru/product/dveri-v-stile-loft/dveri-loft/,По запросу,Двери в стиле лофт с заливками эпоксидной смолой. Возможно изготовление под заказ в любых размерах.,Нет
Двери в стиле лофт,Амбарная дверь из карагача,https://drevodesign.ru/upload/resize_cache/iblock/395/244_244_0/avv5ow1zge81o3f2gkgwcgad3ufoln5s.png,1011,https://drevodesign.ru/product/dveri-v-stile-loft/ambarnaya-dver-iz-karagacha/,По запросу,Дверь из клеенного массива карагача.,Нет
Двери в стиле лофт,"Дверь ""Река""",https://drevodesign.ru/upload/resize_cache/iblock/bc1/244_244_0/qe1lts1kyhrr2cpgib49e32hwalrp95v.png,1010,https://drevodesign.ru/product/dveri-v-stile-loft/dver-reka/,По запросу,Изготавливаем амбарные двери по индивидуальным размерам под заказ.,Нет
Барные стойки,Барная столешница из карагача в прозрачной смоле,https://drevodesign.ru/upload/resize_cache/iblock/a9e/244_244_0/4fnrt1d0faqma8npuu0qhppwp8ml8rst.png,1107,https://drevodesign.ru/product/barnye-stoyki/barnaya-stoleshnitsa-iz-karagacha-v-prozrachnoy-smole/,81 000 руб.,"Столешница из карагача в прозрачной смоле. Толщина столешницы 35 мм. На светлой стороне столешницы не нанесен финишный слой покрытия (тонировка), что дает вам возможность при заказе выбрать подходящий цвет.",Да
"Мебель для кафе, баров",Столешница для барной стойки,https://drevodesign.ru/upload/resize_cache/iblock/505/244_244_0/4bua9qeztgz9p502d6fzk5iec3atwh6h.png,0402,https://drevodesign.ru/product/mebel-dlya-kafe-barov/stoleshnitsa-dlya-barnoy-stoyki/,46 000 руб.,"Идеальная столешница из карагача для барной стойки: брутальная, большая толщина дерева, элемент стекла для декора.  Цена указана за столешницу, возможно изготовление любого подстолья под ваш размер. На фото основание представлено для примера.",Да
Барные стойки,Барный комплект из массива карагача,https://drevodesign.ru/upload/resize_cache/iblock/bc6/244_244_0/acngpbavr31zlb39lnbzkd43cew5chca.png,0405,https://drevodesign.ru/product/barnye-stoyki/barnyy-komplekt-iz-massiva-karagacha/,90 000 руб.,Барная стойка в комплекте с двумя стульями выполнена из массива карагача. Края стойки с неповторимыми природными неровностями в совокупности с уникальным древесным рисунком не оставят равнодушным не один взгляд. Возможно изготовление по индивидуальным размерам в различной цветовой гамме древесины.,Да
Барные стойки,"Барный комплект ""Smoke""",https://drevodesign.ru/upload/resize_cache/iblock/f1b/244_244_0/h4bqyi0xff7mthww9607k3j73k86zjsn.png,0406,https://drevodesign.ru/product/barnye-stoyki/barnyy-komplekt-smoke/,83 000 руб.,Изделие выполнено из массива карагача в сочетании с эпоксидной смолой. Оригинальные фрагменты заливки и древесного рисунка делают столешницу по настоящему уникальной. В комплекте идут два оригинальных барных стула из массива. Возможно изготовление под заказ в различных цветовых оттенках.,Да
Барные стойки,"Барный стол из серии ""Waterfall""",https://drevodesign.ru/upload/resize_cache/iblock/8dd/244_244_0/ubqckpvp80pt1ye7sufczezf9psef5fa.png,0408,https://drevodesign.ru/product/barnye-stoyki/barnyy-stol-iz-serii-waterfall/,По запросу,"Эксклюзивные барные столы от нашей команды мастеров из серии ""Waterfall"". Характерная особенность данной модели является деревянная опора, которая переходит в столешницу с соблюдением древесного рисунка и заливки эпоксидной смолы. Возможно изготовление из различного материала: карагач, американский орех, каповый тополь, акация. Цветовая гамма и габарит изделия могут быть различными.",Нет
Барные стойки,"Барный комплект ""WooD""",https://drevodesign.ru/upload/resize_cache/iblock/1ac/244_244_0/ur1etzri8u5citha6dxmse92wdxxadi4.png,0407,https://drevodesign.ru/product/barnye-stoyki/barnyy-komplekt-wood/,По запросу,"Еще одна эксклюзивная работа от наших мастеров, эксклюзивная барная стойка из массива горного вяза/карагача в комплекте с барными стульями в цвет стойки. При изготовлении данного изделия в работу была взята заготовка очень интересной природной формы, не часто природа нам подбрасывает настолько оригинальный материал, но не в этом случае!!! Стойка имеет очень эффектный вид и будет притягивать внимание снова и снова, финишное покрытие выполнено экологически чистыми маслами, идеально отшлифовано и отполировано, очень приятное по тактильным ощущениям. Все трещинки, сучки и природные неровности на поверхности столешницы пролиты эпоксидной смолой. Основание данной модели металлическое и окрашено черной эмалью.  Габарит стула: 40х40х81 см. Возможно изготовление под заказ по индивидуальным размерам.",Нет
Барные стойки,Барная стойка из массива карагача,https://drevodesign.ru/upload/resize_cache/iblock/5a0/244_244_0/iwlc41e18dixm4igsqgjssu78pw058fw.png,0410,https://drevodesign.ru/product/barnye-stoyki/barnaya-stoyka-iz-massiva-karagacha/,52 000 руб.,"За основу изделия была взята оригинальная заготовка массива карагача. Все природные очертания были полностью сохранены, потому что лучший художник - это природа! Тонировка столешницы была выполнена экологически чистым маслом немецкого производителя, финишный слой сделан полиуретановым лаком для стабилизации массива. После того как столешница прошла несколько стадий ручной шлифовки и полировки, поверхность стала идеальная гладкой и очень приятной по тактильным ощущениям. Изделие отлично дополнит собой вашу зону отдыха. Основание изготовлено из металла и окрашено в черный цвет. Возможно изготовление под заказ по индивидуальным размерам.",Да
Барные стойки,Барная стойка из массива горного вяза,https://drevodesign.ru/upload/resize_cache/iblock/689/244_244_0/iyzwauyipl8b1ktmt1g9pm3iogxcacrp.png,0409,https://drevodesign.ru/product/barnye-stoyki/barnaya-stoyka-iz-massiva-gornogo-vyaza/,56 000 руб.,"За основу изделия взят слэб горного вяза (карагач). Поверхность столешницы идеально гладкая по тактильным ощущениям, прошла несколько стадий ручной шлифовки и полировки. Тонировка древесины проводилась экологически чистым маслом немецкого производителя, финишный слой выполнен полиуретановым лаком европейского производителя. Основание изготовлено из металла и окрашено в черный цвет. Возможно изготовление под заказ по индивидуальным размерам.",Да
Столешницы/Готовые столешницы,Столешница из массива карагача,https://drevodesign.ru/upload/resize_cache/iblock/866/244_244_0/xe1nezxs78jzeg8o4w6x1q0i3qdkvd3n.png,1108,https://drevodesign.ru/product/stoleshnitsy/gotovye-stoleshnitsy/stoleshnitsa-iz-massiva-karagacha/,57 000 руб.,Столешница выполнена из массива горного вяза в сочетании с эпоксидной смолой янтарного цвета. Толщина столешницы 50 мм.,Да
Столешницы/Готовые столешницы,Столешница из карагача с синей смолой,https://drevodesign.ru/upload/resize_cache/iblock/1c5/244_244_0/nlbqz0slx2bmqnecer4lhlf4piemnhqt.jpg,1104,https://drevodesign.ru/product/stoleshnitsy/gotovye-stoleshnitsy/stoleshnitsa-iz-karagacha-s-siney-smoloy/,101 000 руб.,"Красивая классическая столешница в стиле ""река"" из карагача. Толщина столешницы около 40 мм.",Да
Столешницы/Готовые столешницы,Столешница из ивы под большой стол,https://drevodesign.ru/upload/resize_cache/iblock/a20/244_244_0/khenzsljer6jwtf3cib1f6elnhx2oo6w.jpg,1105,https://drevodesign.ru/product/stoleshnitsy/gotovye-stoleshnitsy/stoleshnitsa-iz-ivy-pod-bolshoy-stol/,168 000 руб.,Яркая и необычная столешница из ивы с большим количеством капов. Неровный натуральный край дерева придает брутальность и эксклюзивность изделию.,Да
Столешницы/Готовые столешницы,Столешница из массива карагача с эпоксидной смолой,https://drevodesign.ru/upload/resize_cache/iblock/e1d/244_244_0/3npuaspykjwuvpwkuttb07kfg0u9em3u.png,1114,https://drevodesign.ru/product/stoleshnitsy/gotovye-stoleshnitsy/stoleshnitsa-iz-massiva-karagacha-s-epoksidnoy-smoloy/,65 000 руб.,"Столешница выполнена из массива карагача с заливкой эпоксидной смолы голубого оттенка. Теплый цвет древесины привнесет в вашу зону идиллию и комфорт, а тактильные прикосновения подарят очень приятные ощущения. Толщина столешницы составляет 37 мм. Подстолье можно изготовить под заказ в исполнении из массива либо металла, окраска возможна в любой оттенок.",Да
Столешницы/Готовые столешницы,"Обеденная столешница ""Cherries""",https://drevodesign.ru/upload/resize_cache/iblock/f35/244_244_0/7ybk5tldabian7cyogqitx2cho6swjcg.png,1111,https://drevodesign.ru/product/stoleshnitsy/gotovye-stoleshnitsy/obedennaya-stoleshnitsa-cherries/,76 000 руб.,"Готовая столешница в сочетании эпоксидной смолы и эксклюзивной заготовки массива черешни. Заливка выполнена в темной цветовой гамме, но через смолу вы можете увидеть всю красоту природы. Внутренние ""берега"" не проходили первоначальную обработку, заливка производилась вместе с корой, что смотрится очень необычно и красиво. Под данную модель подойдут различные модели оснований, за всей подробной информацией обращайтесь к нашим менеджерам.",Да
Столешницы/Готовые столешницы,Эксклюзивная столешница из массива акации,https://drevodesign.ru/upload/resize_cache/iblock/864/244_244_0/2ozljfel8xjzvl8z6tdzbg6wapnaeoo7.png,1115,https://drevodesign.ru/product/stoleshnitsy/gotovye-stoleshnitsy/eksklyuzivnaya-stoleshnitsa-iz-massiva-akatsii/,143 000 руб.,Эксклюзивная столешница из массива акации с эпоксидной смолой темного оттенка. Поверхность столешницы прошла несколько стадий ручной шлифовки и полировки. Финишный слой выполнен водным лаком который подчеркивает натуральный цвет древесины. По подбору основания для данной модели обращайтесь к нашим менеджерам.,Да
Столешницы/Готовые столешницы,Эксклюзивная столешница из массива капового тополя,https://drevodesign.ru/upload/resize_cache/iblock/79c/244_244_0/qo6i6e49tbeb2xcpxv03iv4v80yqvuf4.jpg,1117,https://drevodesign.ru/product/stoleshnitsy/gotovye-stoleshnitsy/eksklyuzivnaya-stoleshnitsa-iz-massiva-kapovogo-topolya/,93 000 руб.,"Вашему вниманию представлена великолепная столешница из массива капового тополя в сочетании с эпоксидной смолой синего оттенка. Уникальные природные формы изделия привлекают взгляд, будут дарить огромное количество положительных эмоций и чувство сближения с природой. Финишное покрытие сделано тонким слоем эпоксидной смолы. Толщина столешницы составляет 33 мм.",Да
Ванная комната,Столешница под раковину,https://drevodesign.ru/upload/resize_cache/iblock/406/244_244_0/ltnxopabtlgv9ah1pzqqnp34dop663be.png,0902,https://drevodesign.ru/product/vannaya-komnata/stoleshnitsa-pod-rakovinu/,40 000 руб.,Столешница в ванную из карагача с заливкой эпоксидной смолой янтарного цвета. Толщина столешницы 60 мм.,Да
Ванная комната,Столешница из карагача,https://drevodesign.ru/upload/resize_cache/iblock/69a/244_244_0/zc11p145uejtb918d4hqup7dsd4wt15l.png,0901,https://drevodesign.ru/product/vannaya-komnata/stoleshnitsa-iz-karagacha/,22 000 руб.,Цельная столешница из слэба карагача в ванную комнату под раковину или в качестве полочки. Толщина изделия 65 мм.,Да
Столешницы/Столешницы для ванной,Столешница под раковину со смолой,https://drevodesign.ru/upload/resize_cache/iblock/f4d/244_244_0/ouzfbn8xe8d9ug1yney5bl4p174d3nn3.png,0905,https://drevodesign.ru/product/stoleshnitsy/stoleshnitsy-dlya-vannoy/stoleshnitsa-pod-rakovinu-so-smoloy/,30 000 руб.,Красивая оригинальная столешница из цельного слэба карагача с яркой заливкой бирюзовой смолой. Толщина столешницы 40 мм. Цвет дерева с серым оттенком.,Да
Кабинет,Авторский письменный стол из ореха,https://drevodesign.ru/upload/resize_cache/iblock/fd4/244_244_0/azusjllps52wf5t5x07dvy6yk3ihi3nv.png,0816,https://drevodesign.ru/product/kabinet/avtorskiy-pismennyy-stol-iz-orekha/,93 000 руб.,"Авторский письменный стол с выдвижным ящиком на магнитном механизме. Стол красив и эстетичен, подойдет для тех, кто уважает своё рабочее пространство. За таким столом приятно сидеть и удобно работать, он впишется в современный интерьер и будет не только мебелью, но и практичным инструментом.",Да
Кабинет,Письменный стол эксклюзивной серии,https://drevodesign.ru/upload/resize_cache/iblock/f86/244_244_0/8cn4066ttmh8rgh2nta2nlr3u24se1ei.png,0822,https://drevodesign.ru/product/kabinet/pismennyy-stol-eksklyuzivnoy-serii/,145 000 руб.,"Стол из слэба карагача в обрамлении черной эпоксидной смолой в минималистическом стиле будет настоящей изюминкой вашего кабинета. С двумя ящиками, система открывания Tip-on. Высота стола 75 см. Толщина столешницы 40 мм.",Да
Спальня,Эксклюзивная кровать из тополя с декоративными элементами из смолы,https://drevodesign.ru/upload/resize_cache/iblock/bcb/244_244_0/midg4t7805okmgcdt3ep49x7i03orzxt.png,0510,https://drevodesign.ru/product/spalnya/eksklyuzivnaya-krovat-iz-topolya-s-dekorativnymi-elementami-iz-smoly/,По запросу,"Настоящий эксклюзив- кровать из тополя в эпоксидной смоле, янтарного цвета. Размер изголовья: ширина переменная от 82 до 67 см., длина 290 см. Изголовье возможно разместить на нужной высоте, подвешивается на стену.  Корпус кровати выполнен из массива тополя с элементами заливки смолой 180 х 200 см. В комплект возможно приобрести прикроватные тумбы, консоль с зеркалом и шкаф. В стоимость входит каркас кровати с ортопедическим основанием и изголовьем.",Нет
Кровати,Кровать из МДФ с вставками из массива,https://drevodesign.ru/upload/resize_cache/iblock/205/244_244_0/ph1urs58z2gxxpzsykoo03lc6mgkhuhv.jpg,0511,https://drevodesign.ru/product/krovati/krovat-iz-mdf-s-vstavkami-iz-massiva/,От 80 000 руб.,"Корпус кровати изготовлен из МДФ, основание ортопедическое. Высота основания под матрас 25 см. Изголовье выполнено из массива карагача в рамке из МДФ. Возможно изготовление под заказ по вашим габаритам. Прикроватные тумбы можно приобрести отдельно по стоимости от 24 000 руб. за штуку. (Арт. 0621).",Нет
Кровати,Кровать из массива горного вяза,https://drevodesign.ru/upload/resize_cache/iblock/b9c/244_244_0/3v92amvrgma1vb74usk4ozpeb705bszu.jpeg,0512,https://drevodesign.ru/product/krovati/krovat-iz-massiva-gornogo-vyaza/,89 000 руб.,"Авторская кровать полностью выполнена из массива горного вяза. Основание ортопедическое и находится на высоте 25 см от пола. Кровать вскрыта экологически чистым маслом немецкой фирмы ""Biofa"", финишный слой сделан водным лаком для прочности покрытия. Возможно изготовление по индивидуальным размерам, цветовая гамма изделия может быть разной.",Да
Спальня,Кровать из карагача,https://drevodesign.ru/upload/resize_cache/iblock/2ac/244_244_0/115krdmuqcem8fmiv8r9hqku9omr0yn0.jpg,0502,https://drevodesign.ru/product/spalnya/krovat-iz-karagacha/,От 110 000 руб.,"Кровать из карагача под заказ. Возможно изготовление основания кровати в 3-х размерах - 160х200 см; 180х200 см; 200х2000 см. Спинка (слэб) всегда уникален, длина варьируется от 160 до 300 см.",Нет
Спальня,Кровать с подвесными тумбами,https://drevodesign.ru/upload/resize_cache/iblock/bd8/244_244_0/lbu90j1hleo6lqqw0iqxwoy3ztn7fq20.jpg,0504,https://drevodesign.ru/product/spalnya/krovat-s-podvesnymi-tumbami/,От 160 000 руб.,"Кровать выполнена под заказ, тонирована в цвет ""Мербау"". Возможно изготовления под заказ аналогичной. Срок изготовления 30 рабочих дней.",Нет
Спальня,Кровать со слэбом из тополя,https://drevodesign.ru/upload/resize_cache/iblock/9ee/244_244_0/1gk8q8fdu3e12whabwhcqwa4wh1jbxas.jpg,0506,https://drevodesign.ru/product/spalnya/krovat-so-slebom-iz-topolya/,По запросу,"Эксклюзивная кровать из тополя с оригинальным изголовьем из слэба. Яркие заливки эпоксидной смолой, как завершающий штрих в вашем интерьере.",Нет
Спальня,"Кровать ""Модерн""",https://drevodesign.ru/upload/resize_cache/iblock/326/244_244_0/8sbieb0p34teg5ve3s3sfdz05qbv98o1.jpg,0507,https://drevodesign.ru/product/spalnya/krovat-modern/,По запросу,"Кровать под заказ из карагача в тонировке ""тик"". Интересное дизайнерское решение состыковки деталей. Под заказ в любом размере и цвете.",Нет
Спальня,Авторская кровать с уникальным изголовьем,https://drevodesign.ru/upload/resize_cache/iblock/b69/244_244_0/m1msbiifoqb622zgr3lfeni4ft7gedmh.jpg,0508,https://drevodesign.ru/product/spalnya/avtorskaya-krovat-s-unikalnym-izgolovem/,От 170 000 руб.,Любой размер кровати под заказ. Индивидуальный подбор изголовья кровати по вашему дизайну и размеру.,Нет
Спальня,Кровать с изголовьем из слэба карагача,https://drevodesign.ru/upload/resize_cache/iblock/2ef/244_244_0/4dmaqt6nwld7p860bqalzgytw7690rmo.png,0509,https://drevodesign.ru/product/spalnya/krovat-s-izgolovem-iz-sleba-karagacha/,От 85 000 руб.,"Стильная кровать с изголовьем из слэба карагача. Все трещинки и сучки на слэбе залиты прозрачной эпоксидной смолой. Размер изголовья: ширина переменная от 62 см. до 86 см., максимальная длина слэба 197 см. Размер основания кровати: 160 х 200 см. Каркас полностью выполнен из массива карагача. Ортопедическое основание. Слэб оснащен подсветкой холодного свечения. В комплект возможно приобрести комод и прикроватные тумбы, тонированные в единый цвет с кроватью.",Нет
Кровати,Авторская кровать из массива дуба,https://drevodesign.ru/upload/resize_cache/iblock/558/244_244_0/z1ao83sx6pa6vhkbzdqhurk01pl0rivb.png,0513,https://drevodesign.ru/product/krovati/avtorskaya-krovat-iz-massiva-duba/,150 000 руб.,"Авторский спальный комплект из массива дуба от нашей команды мастеров. За основу всей композиции взят огромный слэб дуба. Подобные заготовки большая редкость, а если учесть, что он обладает множеством красивых природных элементов, то можно смело сказать: Это одна из жемчужин наших изделий!!! Основание кровати выполнено так же из дуба, все элементы изделий прошли несколько стадий шлифовки и полировки, все детали покрыты экологически чистым маслом. Кровать оснащена ортопедическим основанием. Стоимость кровати составляет 150 000 руб. Отличным дополнением к кровати будут прикроватные тумбы, они изготовлены так же из дуба в стилистике с кроватью. Стоимость одной тумбы составляет 30 000 руб.. Все возникающие вопросы Вы можете обсудить с нашими менеджерами.",Да
Кровати,Кровать с уникальным изголовьем из массива ореха,https://drevodesign.ru/upload/resize_cache/iblock/7a2/244_244_0/l7467i7hzf4qq3abbzmzzrnd59k4i1jw.png,0514,https://drevodesign.ru/product/krovati/krovat-s-unikalnym-izgolovem-iz-massiva-orekha/,93 000 руб.,"Вашему вниманию представлен уникальный спальный комплект от нашей команды мастеров. Детали кровати выполнены из шпонированного мдф (шпон дуба) и вскрыты экологически чистым маслом немецкого производите. Главной изюминкой комплекта является изголовье, именно здесь расположена самая красивая деталь, которая привлекает внимание снова и снова. Эксклюзивная заготовка американского ореха прошла несколько этапов ручной шлифовки и полировки, очень приятная при тактильных прикосновениях. Все природные неровности пролиты эпоксидной смолой. Изголовье так же оснащено подсветкой, которая может играть роль ночника. В комплект к кровати можно приобрести прикроватные тумбы в той же стилистике. Габарит тумбы составляет 400х450х460 мм. Стоимость одной тумбы составляет 27500 руб. Изделия могут быть сделаны в различных цветах и размерах. При заказе обращайтесь к нашим менеджерам.",Да
Ванная комната,Столешница под раковину,https://drevodesign.ru/upload/resize_cache/iblock/406/244_244_0/ltnxopabtlgv9ah1pzqqnp34dop663be.png,0902,https://drevodesign.ru/product/vannaya-komnata/stoleshnitsa-pod-rakovinu/,40 000 руб.,Столешница в ванную из карагача с заливкой эпоксидной смолой янтарного цвета. Толщина столешницы 60 мм.,Да
Ванная комната,Столешница из карагача,https://drevodesign.ru/upload/resize_cache/iblock/69a/244_244_0/zc11p145uejtb918d4hqup7dsd4wt15l.png,0901,https://drevodesign.ru/product/vannaya-komnata/stoleshnitsa-iz-karagacha/,22 000 руб.,Цельная столешница из слэба карагача в ванную комнату под раковину или в качестве полочки. Толщина изделия 65 мм.,Да
Столешницы/Столешницы для ванной,Столешница под раковину со смолой,https://drevodesign.ru/upload/resize_cache/iblock/f4d/244_244_0/ouzfbn8xe8d9ug1yney5bl4p174d3nn3.png,0905,https://drevodesign.ru/product/stoleshnitsy/stoleshnitsy-dlya-vannoy/stoleshnitsa-pod-rakovinu-so-smoloy/,30 000 руб.,Красивая оригинальная столешница из цельного слэба карагача с яркой заливкой бирюзовой смолой. Толщина столешницы 40 мм. Цвет дерева с серым оттенком.,Да
Столы/Обеденные столы,"Обеденный стол из массива ""Black""",https://drevodesign.ru/upload/resize_cache/iblock/fc6/244_244_0/bviiti9cw07w6zvfz4w32tel0abkrjsf.png,0254,https://drevodesign.ru/product/stoly/obedennye-stoly/obedennyy-stol-iz-massiva-black/,50 000 руб.,Стол изготовлен из массива горного вяза. Финишное покрытие выполнено черной тонировкой в сочетании с полиуретановым лаком. Толщина столешницы составляет 35 мм. На поверхности столешницы присутствует оригинальный древесный рисунок. Возможно изготовление под заказ.,Да
Столы/Обеденные столы,Стол обеденный оригинальный,https://drevodesign.ru/upload/resize_cache/iblock/02c/244_244_0/aeyj9nhvqkfcsnve13datp4oiv5mskuf.png,0230,https://drevodesign.ru/product/stoly/obedennye-stoly/stol-obedennyy-originalnyy/,54 000 руб.,"Интересный, необычный стол с красной заливкой смолой. Устойчивый и компактный  для небольшой кухнми. Ножки из дерева с декором из смолы.",Да
"Мебель для кафе, баров","Стол ""Река"" с темно-синей смолой",https://drevodesign.ru/upload/resize_cache/iblock/c66/244_244_0/a05uslrql0axq6qodkj6quc38jvatari.png,0214,https://drevodesign.ru/product/mebel-dlya-kafe-barov/stol-reka-s-temno-siney-smoloy/,57 000 руб.,"Лаконичный и оригинальный! Обеденный стол из серии "" Река"" из карагача. Толщина столешницы 30 мм. Высота стола регулируется от 74 до 75 см.",Да
Столы/Обеденные столы,Стол с рисунком из смолы,https://drevodesign.ru/upload/resize_cache/iblock/f53/244_244_0/osssedmcfylkqs0d8r7lrqlel0nmbj7z.png,0281,https://drevodesign.ru/product/stoly/obedennye-stoly/stol-s-risunkom-iz-smoly/,47 000 руб.,Обеденный стол  из пламенной березы с орнаментом из смолы. И новыми декоративными металлическими ножками.,Да
Столы/Обеденные столы,Обеденный стол для баров и ресторанов,https://drevodesign.ru/upload/resize_cache/iblock/b21/244_244_0/yggi93q3naqnu20fmraag9j71qbyei5e.png,0256,https://drevodesign.ru/product/stoly/obedennye-stoly/obedennyy-stol-dlya-barov-i-restoranov/,34  000 руб.,"Стол изготовлен из массива горного вяза. Посередине столешницы проходит оригинальная заливка эпоксидной смолой с эффектом перламутра. Основание выполнено из металла, возможны различные исполнения. Цвет подстолья может быть различным. Изделие отлично подойдет для концепции баров и ресторанов. Изделие можно изготовить по индивидуальным пожеланиям в различных цветовых оттенках. При комплексном заказе предусмотрена скидка!!!",Да
Столовая,"Большой стол из карагача ""Река""",https://drevodesign.ru/upload/resize_cache/iblock/60d/244_244_0/nzu4kebchd54rdh40rjtia3biwearec0.png,0288,https://drevodesign.ru/product/stolovaya/bolshoy-stol-iz-karagacha-reka/,102 000 руб.,"Новое изделие - обеденный стол ""река"" из карагача с синей рекой, станет отличным дополнением к интерьеру загородного дома или квартиры.",Да
Столы/Обеденные столы,Стол из тополя в заливке смолой,https://drevodesign.ru/upload/resize_cache/iblock/59d/244_244_0/tzmxqma6awa49umyaaigo38li6xbcmb2.png,0224,https://drevodesign.ru/product/stoly/obedennye-stoly/stol-iz-topolya-v-zalivke-smoloy/,128 000 руб.,"Шикарный обеденный стол из спила тополя, полностью залитый синей эпоксидной смолой. Толщина столешницы 38 мм.  Новое оригинальное и удобное подстолье из металла.",Да
Столы/Обеденные столы,Обеденный стол из тополя «Река»,https://drevodesign.ru/upload/resize_cache/iblock/dbd/244_244_0/mguo7tyxa31ntkxrcan08zt3wa1kj202.png,0201,https://drevodesign.ru/product/stoly/obedennye-stoly/obedennyy-stol-iz-topolya-reka/,70 000 руб.,"Новый обеденный стол из тополя с двумя реками на новом подстолье. Изящные линии тополя прекрасно сочетаются с янтарной эпоксидной рекой, создавая при этом неповторимую композицию, которая отлично подойдет для обеденных помещений в современном стиле и в стиле лофт.",Да
Столы/Обеденные столы,Обеденный стол из массива,https://drevodesign.ru/upload/resize_cache/iblock/933/244_244_0/nkt1bloukx0pdxsa0c5caf7lmehf7gds.png,0237,https://drevodesign.ru/product/stoly/obedennye-stoly/obedennyy-stol-iz-massiva/,45 000 руб.,Круглый обеденный стол из массива карагача. Столешница изготовлена из сращенных ламелей в оригинальных серых тонах. Толщина столешницы 43 мм. Подстолье выполнено из металла и покрашено в цвет столешницы.,Да
Столовая,Уникальный обеденный стол из тополя,https://drevodesign.ru/upload/resize_cache/iblock/5e6/244_244_0/n3fampgsjkhpfk9a9h53qcts4g1536wa.png,0207,https://drevodesign.ru/product/stolovaya/unikalnyy-obedennyy-stol-iz-topolya/,162 000 руб.,Новый уникальный авторский стол из слэбов тополя на металлическом подстолье. Эксклюзивная работа наших мастеров никого не оставит равнодушным. Стол в единственном экземпляре. Финишное покрытие стола выполнено лаком. Возможно изготовление на заказ по индивидуальным размерам.,Да
Столовая,Обеденный стол из ивы,https://drevodesign.ru/upload/resize_cache/iblock/93d/244_244_0/4dyzzyu5eg6lyiexsydnjovhe2xjtfco.png,0205,https://drevodesign.ru/product/stolovaya/obedennyy-stol-iz-ivy/,192 000 руб.,"Новый уникальный обеденный стол из ивы на металлическом подстолье. Стол имеет две полупрозрачные реки, с бирюзовым оттенком. Стол хорошо подойдет для больших обеденных помещений. Возможно изготовление на заказ по индивидуальным размерам.",Да
Столы/Обеденные столы,Обеденный стол с эпоксидной смолой,https://drevodesign.ru/upload/resize_cache/iblock/a2e/244_244_0/8laamop1gassxsx449y7w3hg3zomlpe4.png,0239,https://drevodesign.ru/product/stoly/obedennye-stoly/obedennyy-stol-s-epoksidnoy-smoloy/,63 000 руб.,Обеденный стол из ламелей карагача залитых прозрачной эпоксидной смолой станет уникальным элементом декора вашей столовой группы. Возможно изготовление по индивидуальным размерам.,Да
Столы/Обеденные столы,Спил тополя в прозрачной заливке смолой,https://drevodesign.ru/upload/resize_cache/iblock/33d/244_244_0/69a85f6w8dpt270h0mvfmnn85ogc4b66.png,0221,https://drevodesign.ru/product/stoly/obedennye-stoly/spil-topolya-v-prozrachnoy-zalivke-smoloy/,126 000 руб.,"Шикарный обеденный стол из спила тополя, полностью залитый прозрачной эпоксидной смолой. Толщина столешницы 38 мм.",Да
Столы/Обеденные столы,Стол обеденный из массива тополя,https://drevodesign.ru/upload/resize_cache/iblock/3a5/244_244_0/f5q13jb5ne2iijvo1557jm1tmdg8oyyy.png,0246,https://drevodesign.ru/product/stoly/obedennye-stoly/stol-obedennyy-iz-massiva-topolya/,102 000 руб.,Эксклюзивный обеденный стол в сочетании эпоксидной смолы и массива тополя. Финишное покрытие выполнено полиуретановым лаком. Подстолье металлическое. Высота изделия 75 см. Возможно изготовление под заказ по индивидуальным размерам.,Да
Столы/Обеденные столы,Обеденный столик из чёрного американского ореха,https://drevodesign.ru/upload/resize_cache/iblock/689/244_244_0/i8h5d7qssqc8n7lg0r15iv21bc30i1kb.png,0287,https://drevodesign.ru/product/stoly/obedennye-stoly/obedennyy-stolik-iz-chyernogo-amerikanskogo-orekha/,71 000 руб.,"Небольшой обеденный столик из черного американского ореха станет отличным приобретением для тех, кто следит за тенденциями дизайнерской мебели!",Да
Столы/Обеденные столы,"Обеденный стол из массива ""Black""",https://drevodesign.ru/upload/resize_cache/iblock/fc6/244_244_0/bviiti9cw07w6zvfz4w32tel0abkrjsf.png,0254,https://drevodesign.ru/product/stoly/obedennye-stoly/obedennyy-stol-iz-massiva-black/,50 000 руб.,Стол изготовлен из массива горного вяза. Финишное покрытие выполнено черной тонировкой в сочетании с полиуретановым лаком. Толщина столешницы составляет 35 мм. На поверхности столешницы присутствует оригинальный древесный рисунок. Возможно изготовление под заказ.,Да
Столы/Обеденные столы,Стол обеденный оригинальный,https://drevodesign.ru/upload/resize_cache/iblock/02c/244_244_0/aeyj9nhvqkfcsnve13datp4oiv5mskuf.png,0230,https://drevodesign.ru/product/stoly/obedennye-stoly/stol-obedennyy-originalnyy/,54 000 руб.,"Интересный, необычный стол с красной заливкой смолой. Устойчивый и компактный  для небольшой кухнми. Ножки из дерева с декором из смолы.",Да
"Мебель для кафе, баров","Стол ""Река"" с темно-синей смолой",https://drevodesign.ru/upload/resize_cache/iblock/c66/244_244_0/a05uslrql0axq6qodkj6quc38jvatari.png,0214,https://drevodesign.ru/product/mebel-dlya-kafe-barov/stol-reka-s-temno-siney-smoloy/,57 000 руб.,"Лаконичный и оригинальный! Обеденный стол из серии "" Река"" из карагача. Толщина столешницы 30 мм. Высота стола регулируется от 74 до 75 см.",Да
Столы/Обеденные столы,Стол с рисунком из смолы,https://drevodesign.ru/upload/resize_cache/iblock/f53/244_244_0/osssedmcfylkqs0d8r7lrqlel0nmbj7z.png,0281,https://drevodesign.ru/product/stoly/obedennye-stoly/stol-s-risunkom-iz-smoly/,47 000 руб.,Обеденный стол  из пламенной березы с орнаментом из смолы. И новыми декоративными металлическими ножками.,Да
Столы/Обеденные столы,Обеденный стол для баров и ресторанов,https://drevodesign.ru/upload/resize_cache/iblock/b21/244_244_0/yggi93q3naqnu20fmraag9j71qbyei5e.png,0256,https://drevodesign.ru/product/stoly/obedennye-stoly/obedennyy-stol-dlya-barov-i-restoranov/,34  000 руб.,"Стол изготовлен из массива горного вяза. Посередине столешницы проходит оригинальная заливка эпоксидной смолой с эффектом перламутра. Основание выполнено из металла, возможны различные исполнения. Цвет подстолья может быть различным. Изделие отлично подойдет для концепции баров и ресторанов. Изделие можно изготовить по индивидуальным пожеланиям в различных цветовых оттенках. При комплексном заказе предусмотрена скидка!!!",Да
Столовая,"Большой стол из карагача ""Река""",https://drevodesign.ru/upload/resize_cache/iblock/60d/244_244_0/nzu4kebchd54rdh40rjtia3biwearec0.png,0288,https://drevodesign.ru/product/stolovaya/bolshoy-stol-iz-karagacha-reka/,102 000 руб.,"Новое изделие - обеденный стол ""река"" из карагача с синей рекой, станет отличным дополнением к интерьеру загородного дома или квартиры.",Да
Столы/Обеденные столы,Стол из тополя в заливке смолой,https://drevodesign.ru/upload/resize_cache/iblock/59d/244_244_0/tzmxqma6awa49umyaaigo38li6xbcmb2.png,0224,https://drevodesign.ru/product/stoly/obedennye-stoly/stol-iz-topolya-v-zalivke-smoloy/,128 000 руб.,"Шикарный обеденный стол из спила тополя, полностью залитый синей эпоксидной смолой. Толщина столешницы 38 мм.  Новое оригинальное и удобное подстолье из металла.",Да
Столы/Обеденные столы,Обеденный стол из тополя «Река»,https://drevodesign.ru/upload/resize_cache/iblock/dbd/244_244_0/mguo7tyxa31ntkxrcan08zt3wa1kj202.png,0201,https://drevodesign.ru/product/stoly/obedennye-stoly/obedennyy-stol-iz-topolya-reka/,70 000 руб.,"Новый обеденный стол из тополя с двумя реками на новом подстолье. Изящные линии тополя прекрасно сочетаются с янтарной эпоксидной рекой, создавая при этом неповторимую композицию, которая отлично подойдет для обеденных помещений в современном стиле и в стиле лофт.",Да
Столы/Обеденные столы,Обеденный стол из массива,https://drevodesign.ru/upload/resize_cache/iblock/933/244_244_0/nkt1bloukx0pdxsa0c5caf7lmehf7gds.png,0237,https://drevodesign.ru/product/stoly/obedennye-stoly/obedennyy-stol-iz-massiva/,45 000 руб.,Круглый обеденный стол из массива карагача. Столешница изготовлена из сращенных ламелей в оригинальных серых тонах. Толщина столешницы 43 мм. Подстолье выполнено из металла и покрашено в цвет столешницы.,Да
Столовая,Уникальный обеденный стол из тополя,https://drevodesign.ru/upload/resize_cache/iblock/5e6/244_244_0/n3fampgsjkhpfk9a9h53qcts4g1536wa.png,0207,https://drevodesign.ru/product/stolovaya/unikalnyy-obedennyy-stol-iz-topolya/,162 000 руб.,Новый уникальный авторский стол из слэбов тополя на металлическом подстолье. Эксклюзивная работа наших мастеров никого не оставит равнодушным. Стол в единственном экземпляре. Финишное покрытие стола выполнено лаком. Возможно изготовление на заказ по индивидуальным размерам.,Да
Столовая,Обеденный стол из ивы,https://drevodesign.ru/upload/resize_cache/iblock/93d/244_244_0/4dyzzyu5eg6lyiexsydnjovhe2xjtfco.png,0205,https://drevodesign.ru/product/stolovaya/obedennyy-stol-iz-ivy/,192 000 руб.,"Новый уникальный обеденный стол из ивы на металлическом подстолье. Стол имеет две полупрозрачные реки, с бирюзовым оттенком. Стол хорошо подойдет для больших обеденных помещений. Возможно изготовление на заказ по индивидуальным размерам.",Да
Столы/Обеденные столы,Обеденный стол с эпоксидной смолой,https://drevodesign.ru/upload/resize_cache/iblock/a2e/244_244_0/8laamop1gassxsx449y7w3hg3zomlpe4.png,0239,https://drevodesign.ru/product/stoly/obedennye-stoly/obedennyy-stol-s-epoksidnoy-smoloy/,63 000 руб.,Обеденный стол из ламелей карагача залитых прозрачной эпоксидной смолой станет уникальным элементом декора вашей столовой группы. Возможно изготовление по индивидуальным размерам.,Да
Столы/Обеденные столы,Спил тополя в прозрачной заливке смолой,https://drevodesign.ru/upload/resize_cache/iblock/33d/244_244_0/69a85f6w8dpt270h0mvfmnn85ogc4b66.png,0221,https://drevodesign.ru/product/stoly/obedennye-stoly/spil-topolya-v-prozrachnoy-zalivke-smoloy/,126 000 руб.,"Шикарный обеденный стол из спила тополя, полностью залитый прозрачной эпоксидной смолой. Толщина столешницы 38 мм.",Да
Столы/Обеденные столы,Стол обеденный из массива тополя,https://drevodesign.ru/upload/resize_cache/iblock/3a5/244_244_0/f5q13jb5ne2iijvo1557jm1tmdg8oyyy.png,0246,https://drevodesign.ru/product/stoly/obedennye-stoly/stol-obedennyy-iz-massiva-topolya/,102 000 руб.,Эксклюзивный обеденный стол в сочетании эпоксидной смолы и массива тополя. Финишное покрытие выполнено полиуретановым лаком. Подстолье металлическое. Высота изделия 75 см. Возможно изготовление под заказ по индивидуальным размерам.,Да
Столы/Обеденные столы,Обеденный столик из чёрного американского ореха,https://drevodesign.ru/upload/resize_cache/iblock/689/244_244_0/i8h5d7qssqc8n7lg0r15iv21bc30i1kb.png,0287,https://drevodesign.ru/product/stoly/obedennye-stoly/obedennyy-stolik-iz-chyernogo-amerikanskogo-orekha/,71 000 руб.,"Небольшой обеденный столик из черного американского ореха станет отличным приобретением для тех, кто следит за тенденциями дизайнерской мебели!",Да
Столы/Письменные столы,Письменный стол из массива карагача,https://drevodesign.ru/upload/resize_cache/iblock/77d/244_244_0/hs4g84zurzpgji6u40x6lezzwu6zadll.png,0823,https://drevodesign.ru/product/stoly/pismennye-stoly/pismennyy-stol-iz-massiva-karagacha1/,75 000 руб.,Дизайнерский письменный стол из массива карагача с заливкой эпоксидной смолы. Деревянная ножка с переходящим рисунком древесины. Отличное решение для вашего кабинета.,Да
Столы/Письменные столы,Письменный стол из массива,https://drevodesign.ru/upload/resize_cache/iblock/520/244_244_0/8trli1th22yupz12rbh77s6zjrxfv7n1.png,0825,https://drevodesign.ru/product/stoly/pismennye-stoly/pismennyy-stol-iz-massiva/,78 000 руб.,"Письменный стол выполнен из массива горного вяза. Темные заливки эпоксидной смолой на фоне светлой древесины придают изделию неповторимую оригинальность, от которой вы получите настоящее наслаждение. Возможно изготовление по индивидуальным размерам. Тонировка древесины, как и цвет смолы, могут быть различными.",Да
Кабинет,Авторский письменный стол из ореха,https://drevodesign.ru/upload/resize_cache/iblock/fd4/244_244_0/azusjllps52wf5t5x07dvy6yk3ihi3nv.png,0816,https://drevodesign.ru/product/kabinet/avtorskiy-pismennyy-stol-iz-orekha/,93 000 руб.,"Авторский письменный стол с выдвижным ящиком на магнитном механизме. Стол красив и эстетичен, подойдет для тех, кто уважает своё рабочее пространство. За таким столом приятно сидеть и удобно работать, он впишется в современный интерьер и будет не только мебелью, но и практичным инструментом.",Да
Столы/Письменные столы,Письменный стол из массива горного вяза,https://drevodesign.ru/upload/resize_cache/iblock/7b8/244_244_0/9hhl8x77gg8lj9zchpvk53300nk0k8bf.png,0827,https://drevodesign.ru/product/stoly/pismennye-stoly/pismennyy-stol-iz-massiva-gornogo-vyaza/,52 000 руб.,"При изготовлении стола использовался цельный слэб карагача. Все трещины и природные неровности пролиты прозрачной эпоксидной смолой, поверхность столешницы идеально отшлифована и отполирована.",Да
Столы/Письменные столы,"Письменный стол ""Bean""",https://drevodesign.ru/upload/resize_cache/iblock/3e9/244_244_0/zo5pskx2b98y6nfhf26wx5fkmxpixhxi.png,0829,https://drevodesign.ru/product/stoly/pismennye-stoly/pismennyy-stol-bean/,70 000 руб.,"Современный, легкий и эстетичный письменный стол от наших мастеров ""Bean"". Столешница данного изделия выполнена из массива горного вяза/карагача, идеально отшлифована и отполирована. Все трещинки и природные неровности пролиты эпоксидной смолой для создания идеально гладкой поверхности. Финишное покрытие исполнено водным лаком для жесткости покрытия. Тонировка производилась экологически чистыми немецкими маслами. Толщина столешницы составляет около 40 мм. Опора металлическая, высота готового изделия составляет 765 мм.",Да
Столы/Письменные столы,"Письменный стол ""Black Bean""",https://drevodesign.ru/upload/resize_cache/iblock/eb7/244_244_0/p7226ez08ar9w2697klw0fvbru1cwsqu.png,0830,https://drevodesign.ru/product/stoly/pismennye-stoly/pismennyy-stol-black-bean/,70 000 руб.,"Еще одна эксклюзивная работа от наших мастеров, письменный стол ""Black Bean"". Столешница выполнена из массива черного дерева (американский орех), все природные неровности на поверхности столешницы пролиты эпоксидной смолой для создания идеально гладкой плоскости. Перед тем как нанести финишный слой водного лака для прочности покрытия, столешница прошла несколько стадий ручной шлифовки. Времяпрепровождение за таким объектом сделает работу в радость! Толщина столешницы составляет около 40 мм. Опора металлическая. Высота готового изделия 765 мм.",Да
Столы/Письменные столы,"Письменный стол ""Simple""",https://drevodesign.ru/upload/resize_cache/iblock/aec/244_244_0/y5q3qfuxwp17120t0glwr93q2r1vfkxc.png,0833,https://drevodesign.ru/product/stoly/pismennye-stoly/pismennyy-stol-simple/,63 000 руб.,"Казалось бы, все просто, всего на всего деревянная доска, но как она роскошно смотрится в законченном виде. Красота в простоте! За основу изделия взят слэб массива карагача, который прошел несколько этапов фрезеровки, ручной шлифовки и полировки. Все природные неровности и сучки пролиты эпоксидной смолой для получения идеально ровной поверхности, которая готова дарить вам теплые эмоции при прикосновениях и делать ваш рабочий процесс более приятным. Основание сделано из металла и окрашено в черный цвет. Возможно изготовление под заказ по всем индивидуальным пожеланиям.",Да
Кабинет,Письменный стол эксклюзивной серии,https://drevodesign.ru/upload/resize_cache/iblock/f86/244_244_0/8cn4066ttmh8rgh2nta2nlr3u24se1ei.png,0822,https://drevodesign.ru/product/kabinet/pismennyy-stol-eksklyuzivnoy-serii/,145 000 руб.,"Стол из слэба карагача в обрамлении черной эпоксидной смолой в минималистическом стиле будет настоящей изюминкой вашего кабинета. С двумя ящиками, система открывания Tip-on. Высота стола 75 см. Толщина столешницы 40 мм.",Да
Столы/Письменные столы,Письменный стол из массива карагача,https://drevodesign.ru/upload/resize_cache/iblock/b9e/244_244_0/9zg9hanw5i8jg4l2pjqkjy4b0wc6p593.png,0835,https://drevodesign.ru/product/stoly/pismennye-stoly/pismennyy-stol-iz-massiva-karagacha/,105 000 руб.,"Очередной великолепный и стильный письменный стол от нашей команды мастеров. Изделие полностью изготовленно из массива карагача (горный вяз). За основу мы взяли две заготовки которые прекрасно сочетаются друг с другом и обладают очень красивым древесным рисунком. Стол оборудован двумя выдвижными ящиками для удобства работы, фасады которых украшены вырезанным рисунком. Каждая деталь прошла несколько стадий ручной шлифовки, финишное покрытие выполнено полиуретановым лаком. Толщина столешницы составляет 35 мм. Возможно изготовление под заказ с соблюдением всех ваших пожеланий.",Да
Столы/Письменные столы,"Письменный стол ""Smoke""",https://drevodesign.ru/upload/resize_cache/iblock/30c/244_244_0/j4h4ln3gxy8qm6cf4um8k5qbxyoygafm.png,0836,https://drevodesign.ru/product/stoly/pismennye-stoly/pismennyy-stol-smoke/,120 000 руб.,"Вашему вниманию представлена еще одна эксклюзивная модель письменного стола от нашей команды мастеров, великолепный стол ""Smoke"". За основу изделия мы взяли заготовку карагача, как следует поработали с ней и в конце получили восхитительное изделие. Края столешницы, а так же все трещинки и сучки данной заготовки мы пролили эпоксидной смолой, чтобы поверхность идеально ровной, и притягивала взгляды снова и снова. Финишное покрытие сделано полиуретановым лаком и прошло несколько стадий ручной полировки. Выдвижные ящики оборудованы фурнитурой высокого качества, открывание нажатием. Высота изделия составляет 75 см. Возможно изготовление под заказ по индивидуальным размерам.",Да
Столы/Журнальные столы,Журнальный стол из массива Американского ореха,https://drevodesign.ru/upload/resize_cache/iblock/ee0/244_244_0/pg7n7lflm4k4met182m71hkn0nmics39.jpg,0173,https://drevodesign.ru/product/stoly/zhurnalnye-stoly/zhurnalnyy-stol-iz-massiva-amerikanskogo-orekha2/,от 35 000 руб.,"Столешница изделия сделана из массива американского ореха (черное дерево) в сочетании с заливкой эпоксидной смолы молочного оттенка. На поверхности бурлит оригинальный древесный рисунок, а пролитые смолой небольшие трещинки и сучки придают эксклюзивности изделию. Поверхность столешницы прошла несколько этапов шлифовки и полировки, перед тем, как будет вас будоражить ощущениями после тактильных прикосновений. Приблизьтесь к естественной красоте природы! Толщина столешницы около 23 мм. Высота изделия 45 см. Подстолье выполнено из металла. Возможно изготовление под заказ по вашим индивидуальным пожеланиям.",Нет
Столы/Журнальные столы,Журнальный стол с эпоксидной смолой,https://drevodesign.ru/upload/resize_cache/iblock/0b2/244_244_0/ga6t4z4ga3cg33i72oklouhkbqcxe7ty.png,0157,https://drevodesign.ru/product/stoly/zhurnalnye-stoly/zhurnalnyy-stol-s-epoksidnoy-smoloy/,27 000 руб.,"Изделие выполнено из массива капового тополя с заливкой эпоксидной смолы синего цвета. Основание металлическое, высота изделия составляет 45 см, толщина столешницы 25 мм. Оригинальные и неповторимые линии дерева создадут впечатление уединения с природой, ваша зона отдыха заиграет новыми красками и преобразиться вместе с уникальным изделием. Финишное покрытие сделано полиуретановым лаком для защиты поверхности столешницы.",Да
Столы/Журнальные столы,Журнальный стол «Exotic maple»,https://drevodesign.ru/upload/resize_cache/iblock/28f/244_244_0/sjzbq8lze5f6a7qxl2meq1kjwrxqvzpf.png,0195,https://drevodesign.ru/product/stoly/zhurnalnye-stoly/zhurnalnyy-stol-exotic-maple/,от 72 000 руб.,"Эксклюзивный журнальный стол ""Exotic maple"". Основой изделия послужил оригинальный спил массива клена, цветовая гамма массива и природные очертания влюбляют в себя с первого взгляда!!! Заливка эпоксидной смолы выполнена в черном цвете. Финишной покрытие выполнено полиуретановым лаком. Поверхность столешницы идеально отшлифована и отполирована. Основание для данной модели изготовлено из метала и окрашено черной эмалью. У нас на складе имеется огромный выбор различных спилов, возможно изготовление под заказ по всем индивидуальным пожеланиям.",Нет
Столы/Журнальные столы,Журнальный столик «Black Island»,https://drevodesign.ru/upload/resize_cache/iblock/b37/244_244_0/9ooj99d0276pacyvecg1opfulr4wwuay.png,0187,https://drevodesign.ru/product/stoly/zhurnalnye-stoly/zhurnalnyy-stolik-black-island/,36 000 руб.,"Наши мастера закончили работу над еще одним эффектным столиком! При изготовлении данного изделия применялся спил массива горного вяза (карагача), облитый непрозрачной черной эпоксидной смолой. Древесный рисунок на поверхности столешницы бурлит оригинальными узорами, приковывая взгляды снова и снова, а гармоничные линии по периметру столешницы придают эксклюзивность и неповторимость. Столешница идеально отшлифована, финишный слой выполнен водным лаком для прочности покрытия. Основание металлическое. Возможно изготовление под заказ по индивидуальным требованиям и пожеланиям.",Да
Столы/Журнальные столы,Журнальный стол из серии «Beautiful»,https://drevodesign.ru/upload/resize_cache/iblock/a9f/244_244_0/561gf1lrhwnmf3g00jav7jydbrg0tpkx.jpg,0185,https://drevodesign.ru/product/stoly/zhurnalnye-stoly/zhurnalnyy-stol-iz-serii-beautiful/,50 000 руб.,"Эксклюзивный столик от наших мастеров! Оригинальная и неповторимая модель журнального столика из Американского ореха в сочетании с эпоксидной смолой темного оттенка. Изделие прошло несколько стадий шлифовки, поверхность столешницы идеально гладкое и очень приятное на ощупь. Финишное покрытие выполнено полиуретановым лаком. Основание изготовлено так же из массива Американского ореха. Высота журнального столика составляет 360 мм.",Да
Столы/Журнальные столы,Эксклюзивный столик в янтарной заливке,https://drevodesign.ru/upload/resize_cache/iblock/114/244_244_0/hjsz3fboj31n7jxxfce0216n31f5suiu.png,0111,https://drevodesign.ru/product/stoly/zhurnalnye-stoly/eksklyuzivnyy-stolik-v-yantarnoy-zalivke/,68 000 руб.,Неповторимый журнальный столик из необычного слэба карагача в полной заливке янтарной эпоксидной смолой. Настоящий эксклюзив!Толщина столешницы 36 мм.,Да
Столы/Журнальные столы,Журнальный стол «Forest river»,https://drevodesign.ru/upload/resize_cache/iblock/05f/244_244_0/1mq1k29dfreu7jconmfnnwvzvx50iikd.png,0189,https://drevodesign.ru/product/stoly/zhurnalnye-stoly/zhurnalnyy-stol-forest-river/,47 000 руб.,"При изготовлении данной модели наши мастера использовали заготовки горного вяза, которые отлично сочетаются с эпоксидной смолой нежно голубого оттенка. Заготовки обладают очень красивым, ярко-выраженным древесным рисунком, который будет притягивать ваш взгляд снова и снова!!! Поверхность изделия идеально отшлифована и очень приятная на ощупь, каждое тактильное прикосновение будет приносить ощущение сближения с природой и будет дарить вам тепло дерева изо дня в день. Основание выполнено из металла и окрашено в цветовую гамму столешницы. Возможно изготовление под заказ по индивидуальным пожеланиям.",Да
Столы/Журнальные столы,Журнальный стол «Berry»,https://drevodesign.ru/upload/resize_cache/iblock/af6/244_244_0/1g4xw0cmzeevyxsjl05gfrtaj4td5evc.png,0192,https://drevodesign.ru/product/stoly/zhurnalnye-stoly/zhurnalnyy-stol-berry/,30 000 руб.,"Данная модель журнального столика выполнена из заготовок массива черешни с заливкой темной эпоксидной смолой. Наши мастера сохранили природные края, чтобы вы оценили гармоничные изгибы природных линий, которые прекрасно сочетаются с приятным древесным рисунком. Поверхность столешницы идеально отшлифована и отполирована, по тактильным ощущениям очень приятная на ощупь. Подстолье изготовлено из металла. Высота изделия составляет 45 см.",Да
Столы/Журнальные столы,Журнальный стол «Fantasy»,https://drevodesign.ru/upload/resize_cache/iblock/5dd/244_244_0/tmpms4okla2fl520pfijatrani8nas78.png,0169,https://drevodesign.ru/product/stoly/zhurnalnye-stoly/zhurnalnyy-stol-fantasy/,53 000 руб.,"При изготовлении столика использовалась эксклюзивная заготовка горного вяза/ карагача в сочетании с черным МДФ, которые придают столешнице оригинальность и неповторимость исполнения. Толщина столешницы составляет 35 мм. Авторское основание для столешницы выполнено из металла и покрыто автоэмалью двух цветов. Изделие гармонично украсит собой практически любой интерьер и будет приковывать взгляды ваших гостей снова и снова.",Да
Столы/Журнальные столы,Журнальный стол «Classic»,https://drevodesign.ru/upload/resize_cache/iblock/702/244_244_0/lrbbr5gnjshxqwi1xxv2c1fl66ioh3bz.png,0127,https://drevodesign.ru/product/stoly/zhurnalnye-stoly/zhurnalnyy-stol-classic/,25 000 руб.,"Вашему вниманию представлен журнальный стол из массива карагача в классическом стиле. Диаметр столешницы составляет 70 см, высота изделия 45 см. Все природные неровности, трещинки и сучки наши мастера пролили эпоксидной смолой молочного оттенка. Тонировка древесины выполнена в благородном древесном цвете. Возможно изготовление под заказ по всем индивидуальным пожеланиям.",Да
Столы/Журнальные столы,Столик из тополя в заливке смолой,https://drevodesign.ru/upload/resize_cache/iblock/3ec/244_244_0/227t331n8jp47hcqq9hmjrtuaemhn9df.png,0193,https://drevodesign.ru/product/stoly/zhurnalnye-stoly/stolik-iz-topolya-v-zalivke-smoloy/,55 000 руб.,"За основу данной модели был взят спил капового тополя, который был полностью залит в эпоксидную смолу голубого оттенка. Изделие отлично дополнит собой любое пространство и украсит вашу зону отдыха. Поверхность столешницы прошла несколько стадий ручной полировки, что придало необычайный шарм. Основание изготовлено из нетипового полуовального профиля и окрашено в золотистый цвет.",Да
Столы/Журнальные столы,Журнальный стол «Enjoy the art»,https://drevodesign.ru/upload/resize_cache/iblock/a7a/244_244_0/a0g15rr6icvt1zk5vssqswf0sw2evdbg.png,0191,https://drevodesign.ru/product/stoly/zhurnalnye-stoly/zhurnalnyy-stol-enjoy-the-art/,от 56 000 руб.,"Закончена работа над еще одним эксклюзивным изделием, журнальный стол ""Enjoy the art"". За основу данной модели взят оригинальный спил клена с очень красивым фрагментом природной пустоты, расположенной по центру. Заливка эпоксидной смолы выполнена в темной цветовой гамме, которая отлично сочетается с данной заготовкой, природный рисунок бурлит своей фактурой и завораживает с первого взгляда. Поверхность столешницы прошла несколько стадий ручной шлифовки и полировки, чтобы каждое прикосновение приносило вам только приятные эмоции. Толщина столешницы составляет 37 мм. Высота изделия 455 мм. На складе имеется большой выбор подобных заготовок, возможно изготовление в различной цветовой гамме.",Нет
Столы/Журнальные столы,Стол «Река» трансформер,https://drevodesign.ru/upload/resize_cache/iblock/0c4/244_244_0/1vimxgonti313xj2g50a5u3assoti7h6.png, 0171,https://drevodesign.ru/product/stoly/zhurnalnye-stoly/stol-reka-transformer/,60 000 руб.,"Столешница изготовлена из эксклюзивных заготовок массива горного вяза/карагача с заливкой эпоксидной смолы светло-черного оттенка. Толщина столешницы составляет порядка 20 мм. Идеально отшлифованная поверхность столешницы будет манить к себе снова и снова, вы никогда не устанете от эмоций, которые будете получать при тактильных прикосновениях. Финишное покрытие выполнено экологически чистыми немецкими маслами. Подстолье металлическое, с нанесением порошкового покрытия. Высота изделия может варьироваться от 50 до 70 см. Возможно изготовление под заказ по индивидуальным пожеланиям.",Да
Столы/Журнальные столы,Журнальный стол «Decor»,https://drevodesign.ru/upload/resize_cache/iblock/fc3/244_244_0/hm1twal2m46146v9siz6ceh099vfq6nn.png,0196,https://drevodesign.ru/product/stoly/zhurnalnye-stoly/zhurnalnyy-stol-decor/,35 000 руб.,"При изготовлении данного изделия мы взяли за основу гармоничный слэб горного вяза (карагач), все трещинки и природные неровности заполнили эпоксидной смолой и получили прекрасную модель журнального столика. Он отлично впишется в различный интерьер и подарит вам тепло живой древесины. На поверхности столешницы бурлит своими очертаниями неповторимый древесный рисунок, все идеально отшлифовано и отполировано, чтобы радовать вас как при тактильных прикосновениях, так и от одного взгляда. Подстолье выполнено из металла и окрашено в черный цвет. Возможно изготовление под заказ.",Да
Столы/Журнальные столы,Журнальный столик из массива ореха,https://drevodesign.ru/upload/resize_cache/iblock/ae4/244_244_0/j5bja6vrnhqm7l7if3id2m833mthg5ff.png,0186,https://drevodesign.ru/product/stoly/zhurnalnye-stoly/zhurnalnyy-stolik-iz-massiva-orekha2/,36 000 руб.,"Аккуратный журнальный столик из ореха залитого эпоксидной смолой, финишное покрытие столешницы выполнено лаком, толщина столешницы 20 мм. Основание изготовлено из металла и окрашено черной эмалью. Возможно изготовление на заказ по индивидуальным размерам.",Да
Столы/Журнальные столы,Журнальный стол из массива Американского ореха,https://drevodesign.ru/upload/resize_cache/iblock/ee0/244_244_0/pg7n7lflm4k4met182m71hkn0nmics39.jpg,0173,https://drevodesign.ru/product/stoly/zhurnalnye-stoly/zhurnalnyy-stol-iz-massiva-amerikanskogo-orekha2/,от 35 000 руб.,"Столешница изделия сделана из массива американского ореха (черное дерево) в сочетании с заливкой эпоксидной смолы молочного оттенка. На поверхности бурлит оригинальный древесный рисунок, а пролитые смолой небольшие трещинки и сучки придают эксклюзивности изделию. Поверхность столешницы прошла несколько этапов шлифовки и полировки, перед тем, как будет вас будоражить ощущениями после тактильных прикосновений. Приблизьтесь к естественной красоте природы! Толщина столешницы около 23 мм. Высота изделия 45 см. Подстолье выполнено из металла. Возможно изготовление под заказ по вашим индивидуальным пожеланиям.",Нет
Столы/Журнальные столы,Журнальный стол с эпоксидной смолой,https://drevodesign.ru/upload/resize_cache/iblock/0b2/244_244_0/ga6t4z4ga3cg33i72oklouhkbqcxe7ty.png,0157,https://drevodesign.ru/product/stoly/zhurnalnye-stoly/zhurnalnyy-stol-s-epoksidnoy-smoloy/,27 000 руб.,"Изделие выполнено из массива капового тополя с заливкой эпоксидной смолы синего цвета. Основание металлическое, высота изделия составляет 45 см, толщина столешницы 25 мм. Оригинальные и неповторимые линии дерева создадут впечатление уединения с природой, ваша зона отдыха заиграет новыми красками и преобразиться вместе с уникальным изделием. Финишное покрытие сделано полиуретановым лаком для защиты поверхности столешницы.",Да
Столы/Журнальные столы,Журнальный стол «Exotic maple»,https://drevodesign.ru/upload/resize_cache/iblock/28f/244_244_0/sjzbq8lze5f6a7qxl2meq1kjwrxqvzpf.png,0195,https://drevodesign.ru/product/stoly/zhurnalnye-stoly/zhurnalnyy-stol-exotic-maple/,от 72 000 руб.,"Эксклюзивный журнальный стол ""Exotic maple"". Основой изделия послужил оригинальный спил массива клена, цветовая гамма массива и природные очертания влюбляют в себя с первого взгляда!!! Заливка эпоксидной смолы выполнена в черном цвете. Финишной покрытие выполнено полиуретановым лаком. Поверхность столешницы идеально отшлифована и отполирована. Основание для данной модели изготовлено из метала и окрашено черной эмалью. У нас на складе имеется огромный выбор различных спилов, возможно изготовление под заказ по всем индивидуальным пожеланиям.",Нет
Столы/Журнальные столы,Журнальный столик «Black Island»,https://drevodesign.ru/upload/resize_cache/iblock/b37/244_244_0/9ooj99d0276pacyvecg1opfulr4wwuay.png,0187,https://drevodesign.ru/product/stoly/zhurnalnye-stoly/zhurnalnyy-stolik-black-island/,36 000 руб.,"Наши мастера закончили работу над еще одним эффектным столиком! При изготовлении данного изделия применялся спил массива горного вяза (карагача), облитый непрозрачной черной эпоксидной смолой. Древесный рисунок на поверхности столешницы бурлит оригинальными узорами, приковывая взгляды снова и снова, а гармоничные линии по периметру столешницы придают эксклюзивность и неповторимость. Столешница идеально отшлифована, финишный слой выполнен водным лаком для прочности покрытия. Основание металлическое. Возможно изготовление под заказ по индивидуальным требованиям и пожеланиям.",Да
Столы/Журнальные столы,Журнальный стол из серии «Beautiful»,https://drevodesign.ru/upload/resize_cache/iblock/a9f/244_244_0/561gf1lrhwnmf3g00jav7jydbrg0tpkx.jpg,0185,https://drevodesign.ru/product/stoly/zhurnalnye-stoly/zhurnalnyy-stol-iz-serii-beautiful/,50 000 руб.,"Эксклюзивный столик от наших мастеров! Оригинальная и неповторимая модель журнального столика из Американского ореха в сочетании с эпоксидной смолой темного оттенка. Изделие прошло несколько стадий шлифовки, поверхность столешницы идеально гладкое и очень приятное на ощупь. Финишное покрытие выполнено полиуретановым лаком. Основание изготовлено так же из массива Американского ореха. Высота журнального столика составляет 360 мм.",Да
Столы/Журнальные столы,Эксклюзивный столик в янтарной заливке,https://drevodesign.ru/upload/resize_cache/iblock/114/244_244_0/hjsz3fboj31n7jxxfce0216n31f5suiu.png,0111,https://drevodesign.ru/product/stoly/zhurnalnye-stoly/eksklyuzivnyy-stolik-v-yantarnoy-zalivke/,68 000 руб.,Неповторимый журнальный столик из необычного слэба карагача в полной заливке янтарной эпоксидной смолой. Настоящий эксклюзив!Толщина столешницы 36 мм.,Да
Столы/Журнальные столы,Журнальный стол «Forest river»,https://drevodesign.ru/upload/resize_cache/iblock/05f/244_244_0/1mq1k29dfreu7jconmfnnwvzvx50iikd.png,0189,https://drevodesign.ru/product/stoly/zhurnalnye-stoly/zhurnalnyy-stol-forest-river/,47 000 руб.,"При изготовлении данной модели наши мастера использовали заготовки горного вяза, которые отлично сочетаются с эпоксидной смолой нежно голубого оттенка. Заготовки обладают очень красивым, ярко-выраженным древесным рисунком, который будет притягивать ваш взгляд снова и снова!!! Поверхность изделия идеально отшлифована и очень приятная на ощупь, каждое тактильное прикосновение будет приносить ощущение сближения с природой и будет дарить вам тепло дерева изо дня в день. Основание выполнено из металла и окрашено в цветовую гамму столешницы. Возможно изготовление под заказ по индивидуальным пожеланиям.",Да
Столы/Журнальные столы,Журнальный стол «Berry»,https://drevodesign.ru/upload/resize_cache/iblock/af6/244_244_0/1g4xw0cmzeevyxsjl05gfrtaj4td5evc.png,0192,https://drevodesign.ru/product/stoly/zhurnalnye-stoly/zhurnalnyy-stol-berry/,30 000 руб.,"Данная модель журнального столика выполнена из заготовок массива черешни с заливкой темной эпоксидной смолой. Наши мастера сохранили природные края, чтобы вы оценили гармоничные изгибы природных линий, которые прекрасно сочетаются с приятным древесным рисунком. Поверхность столешницы идеально отшлифована и отполирована, по тактильным ощущениям очень приятная на ощупь. Подстолье изготовлено из металла. Высота изделия составляет 45 см.",Да
Столы/Журнальные столы,Журнальный стол «Fantasy»,https://drevodesign.ru/upload/resize_cache/iblock/5dd/244_244_0/tmpms4okla2fl520pfijatrani8nas78.png,0169,https://drevodesign.ru/product/stoly/zhurnalnye-stoly/zhurnalnyy-stol-fantasy/,53 000 руб.,"При изготовлении столика использовалась эксклюзивная заготовка горного вяза/ карагача в сочетании с черным МДФ, которые придают столешнице оригинальность и неповторимость исполнения. Толщина столешницы составляет 35 мм. Авторское основание для столешницы выполнено из металла и покрыто автоэмалью двух цветов. Изделие гармонично украсит собой практически любой интерьер и будет приковывать взгляды ваших гостей снова и снова.",Да
Столы/Журнальные столы,Журнальный стол «Classic»,https://drevodesign.ru/upload/resize_cache/iblock/702/244_244_0/lrbbr5gnjshxqwi1xxv2c1fl66ioh3bz.png,0127,https://drevodesign.ru/product/stoly/zhurnalnye-stoly/zhurnalnyy-stol-classic/,25 000 руб.,"Вашему вниманию представлен журнальный стол из массива карагача в классическом стиле. Диаметр столешницы составляет 70 см, высота изделия 45 см. Все природные неровности, трещинки и сучки наши мастера пролили эпоксидной смолой молочного оттенка. Тонировка древесины выполнена в благородном древесном цвете. Возможно изготовление под заказ по всем индивидуальным пожеланиям.",Да
Столы/Журнальные столы,Столик из тополя в заливке смолой,https://drevodesign.ru/upload/resize_cache/iblock/3ec/244_244_0/227t331n8jp47hcqq9hmjrtuaemhn9df.png,0193,https://drevodesign.ru/product/stoly/zhurnalnye-stoly/stolik-iz-topolya-v-zalivke-smoloy/,55 000 руб.,"За основу данной модели был взят спил капового тополя, который был полностью залит в эпоксидную смолу голубого оттенка. Изделие отлично дополнит собой любое пространство и украсит вашу зону отдыха. Поверхность столешницы прошла несколько стадий ручной полировки, что придало необычайный шарм. Основание изготовлено из нетипового полуовального профиля и окрашено в золотистый цвет.",Да
Столы/Журнальные столы,Журнальный стол «Enjoy the art»,https://drevodesign.ru/upload/resize_cache/iblock/a7a/244_244_0/a0g15rr6icvt1zk5vssqswf0sw2evdbg.png,0191,https://drevodesign.ru/product/stoly/zhurnalnye-stoly/zhurnalnyy-stol-enjoy-the-art/,от 56 000 руб.,"Закончена работа над еще одним эксклюзивным изделием, журнальный стол ""Enjoy the art"". За основу данной модели взят оригинальный спил клена с очень красивым фрагментом природной пустоты, расположенной по центру. Заливка эпоксидной смолы выполнена в темной цветовой гамме, которая отлично сочетается с данной заготовкой, природный рисунок бурлит своей фактурой и завораживает с первого взгляда. Поверхность столешницы прошла несколько стадий ручной шлифовки и полировки, чтобы каждое прикосновение приносило вам только приятные эмоции. Толщина столешницы составляет 37 мм. Высота изделия 455 мм. На складе имеется большой выбор подобных заготовок, возможно изготовление в различной цветовой гамме.",Нет
Столы/Журнальные столы,Стол «Река» трансформер,https://drevodesign.ru/upload/resize_cache/iblock/0c4/244_244_0/1vimxgonti313xj2g50a5u3assoti7h6.png, 0171,https://drevodesign.ru/product/stoly/zhurnalnye-stoly/stol-reka-transformer/,60 000 руб.,"Столешница изготовлена из эксклюзивных заготовок массива горного вяза/карагача с заливкой эпоксидной смолы светло-черного оттенка. Толщина столешницы составляет порядка 20 мм. Идеально отшлифованная поверхность столешницы будет манить к себе снова и снова, вы никогда не устанете от эмоций, которые будете получать при тактильных прикосновениях. Финишное покрытие выполнено экологически чистыми немецкими маслами. Подстолье металлическое, с нанесением порошкового покрытия. Высота изделия может варьироваться от 50 до 70 см. Возможно изготовление под заказ по индивидуальным пожеланиям.",Да
Столы/Журнальные столы,Журнальный стол «Decor»,https://drevodesign.ru/upload/resize_cache/iblock/fc3/244_244_0/hm1twal2m46146v9siz6ceh099vfq6nn.png,0196,https://drevodesign.ru/product/stoly/zhurnalnye-stoly/zhurnalnyy-stol-decor/,35 000 руб.,"При изготовлении данного изделия мы взяли за основу гармоничный слэб горного вяза (карагач), все трещинки и природные неровности заполнили эпоксидной смолой и получили прекрасную модель журнального столика. Он отлично впишется в различный интерьер и подарит вам тепло живой древесины. На поверхности столешницы бурлит своими очертаниями неповторимый древесный рисунок, все идеально отшлифовано и отполировано, чтобы радовать вас как при тактильных прикосновениях, так и от одного взгляда. Подстолье выполнено из металла и окрашено в черный цвет. Возможно изготовление под заказ.",Да
Столы/Журнальные столы,Журнальный столик из массива ореха,https://drevodesign.ru/upload/resize_cache/iblock/ae4/244_244_0/j5bja6vrnhqm7l7if3id2m833mthg5ff.png,0186,https://drevodesign.ru/product/stoly/zhurnalnye-stoly/zhurnalnyy-stolik-iz-massiva-orekha2/,36 000 руб.,"Аккуратный журнальный столик из ореха залитого эпоксидной смолой, финишное покрытие столешницы выполнено лаком, толщина столешницы 20 мм. Основание изготовлено из металла и окрашено черной эмалью. Возможно изготовление на заказ по индивидуальным размерам.",Да
Гостиная,Тумба из массива и мдф,https://drevodesign.ru/upload/resize_cache/iblock/055/244_244_0/mlx35iqm775kgfl4px17c7dvb402dbb2.png,0613,https://drevodesign.ru/product/gostinaya/tumba-iz-massiva-i-mdf/,75 000 руб.,"Дизайнерская тумба в сочетании массива карагача и ламинированного мдф, отлично подойдет для гостиной комнаты, станет красивым и удобным дополнением к Вашему интерьеру. Тумба имеет возможность изменение по длине за счет подвижной части с ящиками. Возможно изготовление на заказ по индивидуальным размерам.",Нет
"Мебель для кафе, баров","Стол ""Река"" с темно-синей смолой",https://drevodesign.ru/upload/resize_cache/iblock/c66/244_244_0/a05uslrql0axq6qodkj6quc38jvatari.png,0214,https://drevodesign.ru/product/mebel-dlya-kafe-barov/stol-reka-s-temno-siney-smoloy/,57 000 руб.,"Лаконичный и оригинальный! Обеденный стол из серии "" Река"" из карагача. Толщина столешницы 30 мм. Высота стола регулируется от 74 до 75 см.",Да
"Мебель для кафе, баров",Обеденный стол из массива карагача,https://drevodesign.ru/upload/resize_cache/iblock/967/244_244_0/1srxu2hl8j0nbd8o8kryaxa9h9jkwjeq.png,0266,https://drevodesign.ru/product/mebel-dlya-kafe-barov/obedennyy-stol-iz-massiva-karagacha/,102 000 руб.,"Очередной дизайнерский стол из массива карагача на типовом основании из металла в стиле Loft от нашей команды мастеров. На поверхности столешницы бурлит древесный рисунок, отлично сочетаясь с вставкой из эпоксидной смолы коричневого оттенка. Древесина прошла несколько ступеней ручной обработки и полировки, каждое тактильное прикосновение будет вам дарить только самые положительные эмоции. Толщина столешницы составляет 48 мм. Возможно изготовление под заказ по индивидуальным размерам и предпочтениям.",Да
"Мебель для кафе, баров",Столешница для барной стойки,https://drevodesign.ru/upload/resize_cache/iblock/505/244_244_0/4bua9qeztgz9p502d6fzk5iec3atwh6h.png,0402,https://drevodesign.ru/product/mebel-dlya-kafe-barov/stoleshnitsa-dlya-barnoy-stoyki/,46 000 руб.,"Идеальная столешница из карагача для барной стойки: брутальная, большая толщина дерева, элемент стекла для декора.  Цена указана за столешницу, возможно изготовление любого подстолья под ваш размер. На фото основание представлено для примера.",Да
Гостиная,Тумба из массива и мдф,https://drevodesign.ru/upload/resize_cache/iblock/055/244_244_0/mlx35iqm775kgfl4px17c7dvb402dbb2.png,0613,https://drevodesign.ru/product/gostinaya/tumba-iz-massiva-i-mdf/,75 000 руб.,"Дизайнерская тумба в сочетании массива карагача и ламинированного мдф, отлично подойдет для гостиной комнаты, станет красивым и удобным дополнением к Вашему интерьеру. Тумба имеет возможность изменение по длине за счет подвижной части с ящиками. Возможно изготовление на заказ по индивидуальным размерам.",Нет
"Тумбы, комоды, консоли",Прикроватные тумбы из массива,https://drevodesign.ru/upload/resize_cache/iblock/f34/244_244_0/frw783c2s6pnl9ximtwr990sls1gsh3q.png,0623,https://drevodesign.ru/product/tumby-komody-konsoli/prikrovatnye-tumby-iz-massiva/,55 000 руб.,"Комплект прикроватных тумб выполнен из массива горного вяза, поверхность изделий имеет роскошный древесный рисунок. Выдвижной ящик оборудован фурнитурой Blum с механизмом Tip-On. Высота корпуса тумбы составляет 150 мм. Основание тумб выполнено из металла и окрашено порошковым покрытием (мелкозернистая фракция). Стоимость одной тумбы 55 000 руб. Возможно изготовление в различных тонировках древесины.",Да
"Тумбы, комоды, консоли",Тумба в сочетании массива и шпонированного МДФ,https://drevodesign.ru/upload/resize_cache/iblock/940/244_244_0/eeaym82zpeutpscdxg4j10ev9q0ir4qj.png,0625,https://drevodesign.ru/product/tumby-komody-konsoli/tumba-v-sochetanii-massiva-i-shponirovannogo-mdf/,78 000 руб.,"Корпус тумбы изготовлен из шпонированного МДФ, фасады и крышка из массива горного вяза. При изготовлении крышки применялся цельный слэб на поверхности которого играет буйный древесный рисунок, так же на поверхности столешницы имеется очень красивый фрагмент, наши мастера пролили его прозрачной смолой, чтобы вы своим глазом могли любоваться красотой природы. Тонировка выполнена экологически чистыми маслами. Возможно изготовление под заказ, по индивидуальным пожеланиям, конфигурация изделия может быть различной.",Да
"Тумбы, комоды, консоли",Винный шкаф из массива Американского Ореха,https://drevodesign.ru/upload/resize_cache/iblock/7b2/244_244_0/ju53awkwa1cxq6em7cls8ghuwo6y4avh.png,0628,https://drevodesign.ru/product/tumby-komody-konsoli/vinnyy-shkaf-iz-massiva-amerikanskogo-orekha/,220 000 руб.,"Еще одна эксклюзивная работа от наших мастеров, винный шкаф из массива Американского ореха (черное дерево), в сочетании с темной эпоксидной смолой. При изготовлении фасадов применялся очень редкий и оригинальный материал. Лицевая сторона изделия выглядит просто потрясающее и притягивает взгляд снова и снова. Все детали изделия прошли несколько стадий ручной шлифовки и полировки. Внутри шкафа вы найдете для себя все необходимое для размещения вашего кухонного сервиза и напитков. Финишное покрытие выполнено полиуретановым лаком для придания дополнительной прочности поверхности изделия. Габарит шкафа: 150 см, длина 90 см, глубина изделия 53 см. Открывание фасадов осуществляется нажатием, механизм push to open. Основание данной модели возможно сделать под заказ по вашим индивидуальным пожеланиям.",Да
"Тумбы, комоды, консоли","Тумба ""Тexture""",https://drevodesign.ru/upload/resize_cache/iblock/d9c/244_244_0/4lzuslsin78q3qbnhrqeqdnch6k18a4q.png,0834,https://drevodesign.ru/product/tumby-komody-konsoli/tumba-texture/,63 000 руб.,"Закончена работа над еще одним нашим изделием, представляем вашему вниманию ТВ тумбу ""Тexture"". Корпус изделия изготовлен из шпонированного МДФ, а изюминкой являются фасады. На поверхности МДФ мы вырезали объемный и очень фактурный рисунок, который великолепно смотрится в живую!!! Фасады были профессионально окрашены эмалью высокого качества, а детали корпуса вскрыты экологически чистым маслом. Тумба оснащена высококачественной фурнитурой, открывание нажатием. Возможно изготовление под заказ по индивидуальным пожеланиям.",Да
"Тумбы, комоды, консоли","Тумба ""Comfortable""",https://drevodesign.ru/upload/resize_cache/iblock/ebd/244_244_0/ezcvp9bol8nuijrslxs1r3mbg83x5c1f.png,0636,https://drevodesign.ru/product/tumby-komody-konsoli/tumba-comfortable/,59 000 руб.,"Тумба изготовлена из массива карагача в сочетании крашенного мдф и оборудовано выдвижным ящиком, который оснащен фурнитурой марки ""Blum"". Детали из массива имеют округлые формы, что придает определенного шарма изделию, покрыты экологически чистым маслом немецкого производителя и идеально отшлифованы. Толщина столешницы составляет 40мм.",Да
Столешницы/Готовые столешницы,Столешница из массива карагача,https://drevodesign.ru/upload/resize_cache/iblock/866/244_244_0/xe1nezxs78jzeg8o4w6x1q0i3qdkvd3n.png,1108,https://drevodesign.ru/product/stoleshnitsy/gotovye-stoleshnitsy/stoleshnitsa-iz-massiva-karagacha/,57 000 руб.,Столешница выполнена из массива горного вяза в сочетании с эпоксидной смолой янтарного цвета. Толщина столешницы 50 мм.,Да
Столешницы/Готовые столешницы,Столешница из карагача с синей смолой,https://drevodesign.ru/upload/resize_cache/iblock/1c5/244_244_0/nlbqz0slx2bmqnecer4lhlf4piemnhqt.jpg,1104,https://drevodesign.ru/product/stoleshnitsy/gotovye-stoleshnitsy/stoleshnitsa-iz-karagacha-s-siney-smoloy/,101 000 руб.,"Красивая классическая столешница в стиле ""река"" из карагача. Толщина столешницы около 40 мм.",Да
Столешницы/Готовые столешницы,Столешница из ивы под большой стол,https://drevodesign.ru/upload/resize_cache/iblock/a20/244_244_0/khenzsljer6jwtf3cib1f6elnhx2oo6w.jpg,1105,https://drevodesign.ru/product/stoleshnitsy/gotovye-stoleshnitsy/stoleshnitsa-iz-ivy-pod-bolshoy-stol/,168 000 руб.,Яркая и необычная столешница из ивы с большим количеством капов. Неровный натуральный край дерева придает брутальность и эксклюзивность изделию.,Да
Столешницы/Готовые столешницы,Столешница из массива карагача с эпоксидной смолой,https://drevodesign.ru/upload/resize_cache/iblock/e1d/244_244_0/3npuaspykjwuvpwkuttb07kfg0u9em3u.png,1114,https://drevodesign.ru/product/stoleshnitsy/gotovye-stoleshnitsy/stoleshnitsa-iz-massiva-karagacha-s-epoksidnoy-smoloy/,65 000 руб.,"Столешница выполнена из массива карагача с заливкой эпоксидной смолы голубого оттенка. Теплый цвет древесины привнесет в вашу зону идиллию и комфорт, а тактильные прикосновения подарят очень приятные ощущения. Толщина столешницы составляет 37 мм. Подстолье можно изготовить под заказ в исполнении из массива либо металла, окраска возможна в любой оттенок.",Да
Столешницы/Готовые столешницы,"Обеденная столешница ""Cherries""",https://drevodesign.ru/upload/resize_cache/iblock/f35/244_244_0/7ybk5tldabian7cyogqitx2cho6swjcg.png,1111,https://drevodesign.ru/product/stoleshnitsy/gotovye-stoleshnitsy/obedennaya-stoleshnitsa-cherries/,76 000 руб.,"Готовая столешница в сочетании эпоксидной смолы и эксклюзивной заготовки массива черешни. Заливка выполнена в темной цветовой гамме, но через смолу вы можете увидеть всю красоту природы. Внутренние ""берега"" не проходили первоначальную обработку, заливка производилась вместе с корой, что смотрится очень необычно и красиво. Под данную модель подойдут различные модели оснований, за всей подробной информацией обращайтесь к нашим менеджерам.",Да
Столешницы/Готовые столешницы,Эксклюзивная столешница из массива акации,https://drevodesign.ru/upload/resize_cache/iblock/864/244_244_0/2ozljfel8xjzvl8z6tdzbg6wapnaeoo7.png,1115,https://drevodesign.ru/product/stoleshnitsy/gotovye-stoleshnitsy/eksklyuzivnaya-stoleshnitsa-iz-massiva-akatsii/,143 000 руб.,Эксклюзивная столешница из массива акации с эпоксидной смолой темного оттенка. Поверхность столешницы прошла несколько стадий ручной шлифовки и полировки. Финишный слой выполнен водным лаком который подчеркивает натуральный цвет древесины. По подбору основания для данной модели обращайтесь к нашим менеджерам.,Да
Столешницы/Готовые столешницы,Эксклюзивная столешница из массива капового тополя,https://drevodesign.ru/upload/resize_cache/iblock/79c/244_244_0/qo6i6e49tbeb2xcpxv03iv4v80yqvuf4.jpg,1117,https://drevodesign.ru/product/stoleshnitsy/gotovye-stoleshnitsy/eksklyuzivnaya-stoleshnitsa-iz-massiva-kapovogo-topolya/,93 000 руб.,"Вашему вниманию представлена великолепная столешница из массива капового тополя в сочетании с эпоксидной смолой синего оттенка. Уникальные природные формы изделия привлекают взгляд, будут дарить огромное количество положительных эмоций и чувство сближения с природой. Финишное покрытие сделано тонким слоем эпоксидной смолы. Толщина столешницы составляет 33 мм.",Да
